#{"energy":"C","graph_seed":875629289,"graph_type":{"Barabasi":[2,10]},"lambda":0.4,"large_deviation_param":{"markov_seed":782063498562509862,"time_steps":1000},"lockdown":{"dynamic_bool":true,"lock_style":{"Random":[12151515,0.6]},"lock_threshold":0.1,"release_threshold":0.05},"randomize":{"Markov":{"every":1,"step_size":100}},"recovery_prob":0.14,"samples":1000000,"sir_seed":1489264107025,"system_size":1000}
#bin log10_prob hits
1 2.3782106960385914 238897
2 1.9090904642704833 81113
3 1.1749896504073343 14962
4 1.3709569644164539 23494
5 1.2528045037457067 17898
6 0.7287594751678745 5355
7 0.873378736409141 7471
8 0.4260230156898763 2667
9 -inf 0
10 -inf 0
11 -inf 0
12 -inf 0
13 -inf 0
14 -inf 0
15 -inf 0
16 -inf 0
17 -inf 0
18 -inf 0
19 -inf 0
20 -inf 0
21 -inf 0
22 -inf 0
23 -inf 0
24 -inf 0
25 -inf 0
26 -inf 0
27 -inf 0
28 -inf 0
29 -inf 0
30 -inf 0
31 -inf 0
32 -inf 0
33 -inf 0
34 -inf 0
35 -inf 0
36 -inf 0
37 -inf 0
38 -inf 0
39 -inf 0
40 -inf 0
41 -inf 0
42 -inf 0
43 -inf 0
44 -inf 0
45 -inf 0
46 -inf 0
47 -inf 0
48 -inf 0
49 -inf 0
50 -inf 0
51 -inf 0
52 -inf 0
53 -inf 0
54 -inf 0
55 -inf 0
56 -inf 0
57 -inf 0
58 -inf 0
59 -inf 0
60 -inf 0
61 -inf 0
62 -inf 0
63 -inf 0
64 -inf 0
65 -inf 0
66 -inf 0
67 -inf 0
68 -inf 0
69 -inf 0
70 -inf 0
71 -inf 0
72 -inf 0
73 -inf 0
74 -inf 0
75 -inf 0
76 -inf 0
77 -inf 0
78 -inf 0
79 -inf 0
80 -inf 0
81 -inf 0
82 -inf 0
83 -inf 0
84 -inf 0
85 -inf 0
86 -inf 0
87 -inf 0
88 -inf 0
89 -inf 0
90 -inf 0
91 -inf 0
92 -inf 0
93 -inf 0
94 -inf 0
95 -inf 0
96 -inf 0
97 -inf 0
98 -inf 0
99 -inf 0
100 -inf 0
101 -inf 0
102 -inf 0
103 -inf 0
104 -inf 0
105 -inf 0
106 -inf 0
107 -inf 0
108 -inf 0
109 -inf 0
110 -inf 0
111 -inf 0
112 -inf 0
113 -inf 0
114 -inf 0
115 -inf 0
116 -inf 0
117 -inf 0
118 -inf 0
119 -inf 0
120 -inf 0
121 -inf 0
122 -inf 0
123 -inf 0
124 -inf 0
125 -inf 0
126 -inf 0
127 -inf 0
128 -inf 0
129 -inf 0
130 -inf 0
131 -inf 0
132 -inf 0
133 -inf 0
134 -inf 0
135 -inf 0
136 -inf 0
137 -inf 0
138 -inf 0
139 -inf 0
140 -inf 0
141 -inf 0
142 -inf 0
143 -inf 0
144 -inf 0
145 -inf 0
146 -inf 0
147 -inf 0
148 -inf 0
149 -inf 0
150 -inf 0
151 -inf 0
152 -inf 0
153 -inf 0
154 -inf 0
155 -inf 0
156 -inf 0
157 -inf 0
158 -inf 0
159 -inf 0
160 -inf 0
161 -inf 0
162 -inf 0
163 -inf 0
164 -inf 0
165 -inf 0
166 -inf 0
167 -inf 0
168 -inf 0
169 -inf 0
170 -inf 0
171 -inf 0
172 -inf 0
173 -inf 0
174 -inf 0
175 -inf 0
176 -inf 0
177 -inf 0
178 -inf 0
179 -inf 0
180 -inf 0
181 -inf 0
182 -inf 0
183 -inf 0
184 -inf 0
185 -inf 0
186 -inf 0
187 -inf 0
188 -inf 0
189 -inf 0
190 -inf 0
191 -inf 0
192 -inf 0
193 -inf 0
194 -inf 0
195 -inf 0
196 -inf 0
197 -inf 0
198 -inf 0
199 -inf 0
200 -inf 0
201 -inf 0
202 -inf 0
203 -inf 0
204 -inf 0
205 -inf 0
206 -inf 0
207 -inf 0
208 -inf 0
209 -inf 0
210 -inf 0
211 -inf 0
212 -inf 0
213 -inf 0
214 -inf 0
215 -inf 0
216 -inf 0
217 -inf 0
218 -inf 0
219 -inf 0
220 -inf 0
221 -inf 0
222 -inf 0
223 -inf 0
224 -inf 0
225 -inf 0
226 -inf 0
227 -inf 0
228 -inf 0
229 -inf 0
230 -inf 0
231 -inf 0
232 -inf 0
233 -inf 0
234 -inf 0
235 -inf 0
236 -inf 0
237 -inf 0
238 -inf 0
239 -inf 0
240 -inf 0
241 -inf 0
242 -inf 0
243 -inf 0
244 -inf 0
245 -inf 0
246 -inf 0
247 -inf 0
248 -inf 0
249 -inf 0
250 -inf 0
251 -inf 0
252 -inf 0
253 -inf 0
254 -inf 0
255 -inf 0
256 -inf 0
257 -inf 0
258 -inf 0
259 -inf 0
260 -inf 0
261 -inf 0
262 -inf 0
263 -inf 0
264 -inf 0
265 -inf 0
266 -inf 0
267 -inf 0
268 -inf 0
269 -inf 0
270 -inf 0
271 -inf 0
272 -inf 0
273 -inf 0
274 -inf 0
275 -inf 0
276 -inf 0
277 -inf 0
278 -inf 0
279 -inf 0
280 -inf 0
281 -inf 0
282 -inf 0
283 -inf 0
284 -inf 0
285 -inf 0
286 -inf 0
287 -inf 0
288 -inf 0
289 -inf 0
290 -inf 0
291 -inf 0
292 -inf 0
293 -inf 0
294 -inf 0
295 -inf 0
296 -inf 0
297 -inf 0
298 -inf 0
299 -inf 0
300 -inf 0
301 -inf 0
302 -inf 0
303 -inf 0
304 -inf 0
305 -inf 0
306 -inf 0
307 -inf 0
308 -inf 0
309 -inf 0
310 -inf 0
311 -inf 0
312 -inf 0
313 -inf 0
314 -inf 0
315 -inf 0
316 -inf 0
317 -inf 0
318 -inf 0
319 -inf 0
320 -inf 0
321 -inf 0
322 -inf 0
323 -inf 0
324 -inf 0
325 -inf 0
326 -inf 0
327 -inf 0
328 -inf 0
329 -inf 0
330 -inf 0
331 -inf 0
332 -inf 0
333 -inf 0
334 -inf 0
335 -inf 0
336 -inf 0
337 -inf 0
338 -inf 0
339 -inf 0
340 -inf 0
341 -inf 0
342 -inf 0
343 -inf 0
344 -inf 0
345 -inf 0
346 -inf 0
347 -inf 0
348 -inf 0
349 -inf 0
350 -inf 0
351 -inf 0
352 -inf 0
353 -inf 0
354 -0.10292299679057981 789
355 -inf 0
356 -inf 0
357 -inf 0
358 -inf 0
359 -inf 0
360 -inf 0
361 -inf 0
362 -inf 0
363 -inf 0
364 -inf 0
365 -1.1426675035687315 72
366 -inf 0
367 -0.22329881601158919 598
368 -0.40011692792631237 398
369 -inf 0
370 -inf 0
371 -inf 0
372 -inf 0
373 -inf 0
374 -inf 0
375 -inf 0
376 -inf 0
377 -inf 0
378 -inf 0
379 -inf 0
380 -inf 0
381 -inf 0
382 -0.7423214251308154 181
383 -0.09420411963213127 805
384 -inf 0
385 -inf 0
386 -0.0395292224657009 913
387 -0.21752737583371395 606
388 -inf 0
389 -0.431798275933005 370
390 -0.30189945437661025 499
391 0.40908736944783497 2565
392 0.2864564697469829 1934
393 -1.4436974992327127 36
394 -0.5559552040819238 278
395 -0.575118363368933 266
396 0.24303804868629442 1750
397 0.1589652603834102 1442
398 -0.36451625318508807 432
399 -0.06048074738138132 870
400 -0.5833594926617192 261
401 -1.3872161432802645 41
402 -inf 0
403 -inf 0
404 -0.19314197048118276 641
405 -0.21395878975744598 611
406 -inf 0
407 -inf 0
408 -inf 0
409 0.0572856444182146 1141
410 -0.3169529617611504 482
411 -0.5900668766687054 257
412 -1.4436974992327127 36
413 0.30856441356123865 2035
414 -0.21324857785443863 612
415 -0.8664610916297826 136
416 0.10346162209470489 1269
417 -0.46344155742847004 344
418 -1.1739251972991736 67
419 0.02530586526477041 1060
420 0.21085336531489318 1625
421 0.28194193344082485 1914
422 -0.0433514207947967 905
423 -inf 0
424 0.40942586867144337 2567
425 -0.3535962737769305 443
426 0.5540043210119028 3581
427 0.38667728396083767 2436
428 0.5535189401489697 3577
429 0.4401216031878037 2755
430 -0.10127481841050656 792
431 0.8138477542288545 6514
432 0.02775720469055365 1066
433 -0.5466816599529625 284
434 0.527372082827612 3368
435 0.44669246637152726 2797
436 0.2926990030439298 1962
437 0.5399538416563967 3467
438 0.3008127941181167 1999
439 0.8296896408989709 6756
440 0.5138831856110926 3265
441 0.26670196688408776 1848
442 0.4935974490005268 3116
443 0.7114697818743276 5146
444 0.4446692309385245 2784
445 0.8569100603007862 7193
446 0.887561040930009 7719
447 0.7093547758343961 5121
448 0.5694909543487832 3711
449 0.5247854493212225 3348
450 0.42813479402878896 2680
451 0.28802553538836273 1941
452 0.8639173769578603 7310
453 0.9633155113861114 9190
454 0.9115837009810757 8158
455 0.5722906061514177 3735
456 0.5893910231369333 3885
457 0.7617023675414125 5777
458 0.8506462351830666 7090
459 0.6429588794097909 4395
460 0.4884096889031979 3079
461 0.7398886550845432 5494
462 0.4985862088175175 3152
463 0.6144753660903954 4116
464 0.3673559210260189 2330
465 0.3314272965207432 2145
466 -0.7825160557860937 165
467 0.4163075870598827 2608
468 0.37566361396088555 2375
469 0.7788744720027396 6010
470 0.3762118502826728 2378
471 0.4390167283875126 2748
472 0.7151673578484576 5190
473 0.7351995484223135 5435
474 0.7974060496763822 6272
475 0.9875322027298394 9717
476 0.6307328928171967 4273
477 0.9612786790850429 9147
478 0.6402826296966806 4368
479 0.9266510770888887 8446
480 0.9300826333923711 8513
481 0.970114322285097 9335
482 0.303412070596742 2011
483 0.745465168670727 5565
484 0.4586378490256493 2875
485 0.40483371661993806 2540
486 0.7511250715355837 5638
487 0.8156441491319653 6541
488 0.8705794605526846 7423
489 0.5893910231369333 3885
490 1.1136091510730282 12990
491 1.1272668183188985 13405
492 1.0496443525692998 11211
493 0.6661434272915585 4636
494 0.53655844257153 3440
495 0.6433539619768629 4399
496 0.34202768808747175 2198
497 0.8449739381468877 6998
498 0.655618583541222 4525
499 0.8163075994319398 6551
500 0.7130703258556395 5165
501 1.0177426641614984 10417
502 0.7966437037851164 6261
503 0.7139942676606439 5176
504 0.3457656931144881 2217
505 0.6451273992583912 4417
506 0.6866362692622934 4860
507 0.7553411838115478 5693
508 0.8169038393756605 6560
509 0.6332664111554247 4298
510 0.6621909908590071 4594
511 0.5841049703994527 3838
512 0.9392196358548182 8694
513 0.5802405082653763 3804
514 0.703463341883293 5052
515 0.448087666692341 2806
516 0.4586378490256493 2875
517 0.8852481077813863 7678
518 -0.35457773065090814 442
519 0.321391278311689 2096
520 0.8459038388987823 7013
521 0.03502928220236834 1084
522 0.38632057389404606 2434
523 0.3344537511509307 2160
524 0.2335037603411343 1712
525 0.19284611518884187 1559
526 0.42813479402878896 2680
527 0.7150836706949271 5189
528 0.415974411376566 2606
529 0.7444494574467986 5552
530 0.6944296909570831 4948
531 0.07040732174011977 1176
532 0.4905203093633488 3094
533 0.3344537511509307 2160
534 0.5324995860946626 3408
535 0.3378584290410944 2177
536 0.4336098433237181 2714
537 0.5975855017522047 3959
538 -0.05305672930217442 885
539 0.5186455243303114 3301
540 0.07481644064517479 1188
541 0.12548126570059415 1335
542 0.15775888604686372 1438
543 0.5212688755983854 3321
544 -0.25181197299379976 560
545 0.09412159584056123 1242
546 0.33665982345442025 2171
547 0.7300551523754999 5371
548 0.22401481137286394 1675
549 0.5238764756381311 3341
550 0.4614985267830187 2894
551 0.36567514045591754 2321
552 0.19506899646859033 1567
553 0.5082603055123345 3223
554 0.5087989654039049 3227
555 0.4260230156898763 2667
556 0.28690535297237485 1936
557 -0.08249449044745338 827
558 0.012837224705172012 1030
559 -0.4282911681913122 373
560 -0.039053804266168335 914
561 0.41413736218447683 2595
562 -0.09691001300805624 800
563 -0.2487208960166578 564
564 0.4820155764507117 3034
565 0.3935752032695876 2475
566 0.04805317311560886 1117
567 -inf 0
568 -inf 0
569 -1.2757241303992108 53
570 -0.11238269966426406 772
571 0.39707054995940894 2495
572 -0.6090648928966207 246
573 -0.39147396642280574 406
574 -0.8894102897007512 129
575 -0.38721614328026455 410
576 -inf 0
577 -0.5702477199975919 269
578 -0.28903688100472413 514
579 -0.26520017041115285 543
580 -inf 0
581 -0.21253952548158495 613
582 -0.040481623027001756 911
583 0.15228834438305672 1420
584 -0.05998184499233661 871
585 -0.6635402661514704 217
586 -inf 0
587 -0.09908693226233112 796
588 -1.0457574905606752 90
589 0.1652443261253107 1463
590 -0.0190880622231564 957
591 -inf 0
592 -0.11013827874181148 776
593 -1.2676062401770314 54
594 -1.4685210829577446 34
595 -inf 0
596 -inf 0
597 -inf 0
598 -inf 0
599 -inf 0
600 -inf 0
601 -inf 0
602 -inf 0
603 -inf 0
604 -inf 0
605 -inf 0
606 -inf 0
607 -inf 0
608 -inf 0
609 -inf 0
610 -inf 0
611 -inf 0
612 -inf 0
613 -inf 0
614 -inf 0
615 -inf 0
616 -inf 0
617 -inf 0
618 -inf 0
619 -inf 0
620 -inf 0
621 -inf 0
622 -inf 0
623 -inf 0
624 -inf 0
625 -inf 0
626 -inf 0
627 -inf 0
628 -inf 0
629 -inf 0
630 -inf 0
631 -inf 0
632 -inf 0
633 -inf 0
634 -inf 0
635 -inf 0
636 -inf 0
637 -inf 0
638 -inf 0
639 -inf 0
640 -inf 0
641 -inf 0
642 -inf 0
643 -inf 0
644 -inf 0
645 -inf 0
646 -inf 0
647 -inf 0
648 -inf 0
649 -inf 0
650 -inf 0
651 -inf 0
652 -inf 0
653 -inf 0
654 -inf 0
655 -inf 0
656 -inf 0
657 -inf 0
658 -inf 0
659 -inf 0
660 -inf 0
661 -inf 0
662 -inf 0
663 -inf 0
664 -inf 0
665 -inf 0
666 -inf 0
667 -inf 0
668 -inf 0
669 -inf 0
670 -inf 0
671 -inf 0
672 -inf 0
673 -inf 0
674 -inf 0
675 -inf 0
676 -inf 0
677 -inf 0
678 -inf 0
679 -inf 0
680 -inf 0
681 -inf 0
682 -inf 0
683 -inf 0
684 -inf 0
685 -inf 0
686 -inf 0
687 -inf 0
688 -inf 0
689 -inf 0
690 -inf 0
691 -inf 0
692 -inf 0
693 -inf 0
694 -inf 0
695 -inf 0
696 -inf 0
697 -inf 0
698 -inf 0
699 -inf 0
700 -inf 0
701 -inf 0
702 -inf 0
703 -inf 0
704 -inf 0
705 -inf 0
706 -inf 0
707 -inf 0
708 -inf 0
709 -inf 0
710 -inf 0
711 -inf 0
712 -inf 0
713 -inf 0
714 -inf 0
715 -inf 0
716 -inf 0
717 -inf 0
718 -inf 0
719 -inf 0
720 -inf 0
721 -inf 0
722 -inf 0
723 -inf 0
724 -inf 0
725 -inf 0
726 -inf 0
727 -inf 0
728 -inf 0
729 -inf 0
730 -inf 0
731 -inf 0
732 -inf 0
733 -inf 0
734 -inf 0
735 -inf 0
736 -inf 0
737 -inf 0
738 -inf 0
739 -inf 0
740 -inf 0
741 -inf 0
742 -inf 0
743 -inf 0
744 -inf 0
745 -inf 0
746 -inf 0
747 -inf 0
748 -inf 0
749 -inf 0
750 -inf 0
751 -inf 0
752 -inf 0
753 -inf 0
754 -inf 0
755 -inf 0
756 -inf 0
757 -inf 0
758 -inf 0
759 -inf 0
760 -inf 0
761 -inf 0
762 -inf 0
763 -inf 0
764 -inf 0
765 -inf 0
766 -inf 0
767 -inf 0
768 -inf 0
769 -inf 0
770 -inf 0
771 -inf 0
772 -inf 0
773 -inf 0
774 -inf 0
775 -inf 0
776 -inf 0
777 -inf 0
778 -inf 0
779 -inf 0
780 -inf 0
781 -inf 0
782 -inf 0
783 -inf 0
784 -inf 0
785 -inf 0
786 -inf 0
787 -inf 0
788 -inf 0
789 -inf 0
790 -inf 0
791 -inf 0
792 -inf 0
793 -inf 0
794 -inf 0
795 -inf 0
796 -inf 0
797 -inf 0
798 -inf 0
799 -inf 0
800 -inf 0
801 -inf 0
802 -inf 0
803 -inf 0
804 -inf 0
805 -inf 0
806 -inf 0
807 -inf 0
808 -inf 0
809 -inf 0
810 -inf 0
811 -inf 0
812 -inf 0
813 -inf 0
814 -inf 0
815 -inf 0
816 -inf 0
817 -inf 0
818 -inf 0
819 -inf 0
820 -inf 0
821 -inf 0
822 -inf 0
823 -inf 0
824 -inf 0
825 -inf 0
826 -inf 0
827 -inf 0
828 -inf 0
829 -inf 0
830 -inf 0
831 -inf 0
832 -inf 0
833 -inf 0
834 -inf 0
835 -inf 0
836 -inf 0
837 -inf 0
838 -inf 0
839 -inf 0
840 -inf 0
841 -inf 0
842 -inf 0
843 -inf 0
844 -inf 0
845 -inf 0
846 -inf 0
847 -inf 0
848 -inf 0
849 -inf 0
850 -inf 0
851 -inf 0
852 -inf 0
853 -inf 0
854 -inf 0
855 -inf 0
856 -inf 0
857 -inf 0
858 -inf 0
859 -inf 0
860 -inf 0
861 -inf 0
862 -inf 0
863 -inf 0
864 -inf 0
865 -inf 0
866 -inf 0
867 -inf 0
868 -inf 0
869 -inf 0
870 -inf 0
871 -inf 0
872 -inf 0
873 -inf 0
874 -inf 0
875 -inf 0
876 -inf 0
877 -inf 0
878 -inf 0
879 -inf 0
880 -inf 0
881 -inf 0
882 -inf 0
883 -inf 0
884 -inf 0
885 -inf 0
886 -inf 0
887 -inf 0
888 -inf 0
889 -inf 0
890 -inf 0
891 -inf 0
892 -inf 0
893 -inf 0
894 -inf 0
895 -inf 0
896 -inf 0
897 -inf 0
898 -inf 0
899 -inf 0
900 -inf 0
901 -inf 0
902 -inf 0
903 -inf 0
904 -inf 0
905 -inf 0
906 -inf 0
907 -inf 0
908 -inf 0
909 -inf 0
910 -inf 0
911 -inf 0
912 -inf 0
913 -inf 0
914 -inf 0
915 -inf 0
916 -inf 0
917 -inf 0
918 -inf 0
919 -inf 0
920 -inf 0
921 -inf 0
922 -inf 0
923 -inf 0
924 -inf 0
925 -inf 0
926 -inf 0
927 -inf 0
928 -inf 0
929 -inf 0
930 -inf 0
931 -inf 0
932 -inf 0
933 -inf 0
934 -inf 0
935 -inf 0
936 -inf 0
937 -inf 0
938 -inf 0
939 -inf 0
940 -inf 0
941 -inf 0
942 -inf 0
943 -inf 0
944 -inf 0
945 -inf 0
946 -inf 0
947 -inf 0
948 -inf 0
949 -inf 0
950 -inf 0
951 -inf 0
952 -inf 0
953 -inf 0
954 -inf 0
955 -inf 0
956 -inf 0
957 -inf 0
958 -inf 0
959 -inf 0
960 -inf 0
961 -inf 0
962 -inf 0
963 -inf 0
964 -inf 0
965 -inf 0
966 -inf 0
967 -inf 0
968 -inf 0
969 -inf 0
970 -inf 0
971 -inf 0
972 -inf 0
973 -inf 0
974 -inf 0
975 -inf 0
976 -inf 0
977 -inf 0
978 -inf 0
979 -inf 0
980 -inf 0
981 -inf 0
982 -inf 0
983 -inf 0
984 -inf 0
985 -inf 0
986 -inf 0
987 -inf 0
988 -inf 0
989 -inf 0
990 -inf 0
991 -inf 0
992 -inf 0
993 -inf 0
994 -inf 0
995 -inf 0
996 -inf 0
997 -inf 0
998 -inf 0
999 -inf 0
1000 -inf 0
