#{"energy":"C","graph_seed":875629289,"graph_type":{"Barabasi":[2,10]},"lambda":0.4,"large_deviation_param":{"markov_seed":782063498562509862,"time_steps":1000},"lockdown":{"dynamic_bool":true,"lock_style":{"Random":[12151515,0.6]},"lock_threshold":0.1,"release_threshold":0.05},"randomize":"Random","recovery_prob":0.14,"samples":100000,"sir_seed":1489264107025,"system_size":200}
#bin log10_prob hits
1 1.6961116468379265 24836
2 1.1005773027895964 6303
3 0.6743098889414774 2362
4 0.3328422669943518 1076
5 0.1051694279993316 637
6 -0.1438755557576994 359
7 -0.3410351573355648 228
8 -0.5171264163912461 152
9 -0.6615435063953949 109
10 -0.8927900303521317 64
11 -0.9281179926938745 59
12 -1.0969100130080562 40
13 -1.3372421683184257 23
14 -1.3565473235138126 22
15 -1.4436974992327127 18
16 -1.5228787452803374 15
17 -1.8538719643217618 7
18 -1.6197887582883936 12
19 -1.744727494896694 9
20 -1.744727494896694 9
21 -1.6575773191777938 11
22 -2 5
23 -2.221848749616356 3
24 -1.8538719643217618 7
25 -2.221848749616356 3
26 -2.0969100130080562 4
27 -2.3979400086720375 2
28 -1.920818753952375 6
29 -2 5
30 -2.221848749616356 3
31 -2.6989700043360187 1
32 -2.6989700043360187 1
33 -2.3979400086720375 2
34 -2.6989700043360187 1
35 -2.6989700043360187 1
36 -2.3979400086720375 2
37 -inf 0
38 -2.6989700043360187 1
39 -2.3979400086720375 2
40 -inf 0
41 -2.6989700043360187 1
42 -inf 0
43 -inf 0
44 -2.3979400086720375 2
45 -inf 0
46 -2.6989700043360187 1
47 -inf 0
48 -inf 0
49 -2.6989700043360187 1
50 -2.6989700043360187 1
51 -1.920818753952375 6
52 -1.8538719643217618 7
53 -1.920818753952375 6
54 -1.6575773191777938 11
55 -1.744727494896694 9
56 -1.4202164033831899 19
57 -1.3010299956639813 25
58 -1.2365720064370627 29
59 -1.1079053973095196 39
60 -0.8664610916297821 68
61 -0.8297382846050425 74
62 -0.7077439286435236 98
63 -0.6655462488490689 108
64 -0.5559552040819238 139
65 -0.4485500020271247 178
66 -0.3297541469258758 234
67 -0.30627305107635294 247
68 -0.21752737583371395 303
69 -0.17392519729917355 335
70 -0.11350927482751816 385
71 -0.06449273417528723 431
72 -0.03338901331806543 463
73 0.019531684531255422 523
74 0.1038037209559568 635
75 0.13289976994448294 679
76 0.18469143081759887 765
77 0.19145101446489532 777
78 0.22375545365724125 837
79 0.2886962605902559 972
80 0.32919441508845093 1067
81 0.35256838617930875 1126
82 0.36473855505539854 1158
83 0.3996737214810384 1255
84 0.4176377396522297 1308
85 0.4265112613645754 1335
86 0.47363292687384106 1488
87 0.5083950331330529 1612
88 0.516667559099043 1643
89 0.5213996281153759 1661
90 0.5494937132150133 1772
91 0.5345337560051155 1712
92 0.563955464995813 1832
93 0.5672616923538745 1846
94 0.5641924606261979 1833
95 0.5641924606261979 1833
96 0.5703093854358796 1859
97 0.585686278452497 1926
98 0.5772619535858148 1889
99 0.5719416350744622 1866
100 0.5567847823070253 1802
101 0.5418287667813124 1741
102 0.52270499273475 1666
103 0.49415459401844286 1560
104 0.49831055378960043 1575
105 0.4653828514484184 1460
106 0.4345689040341987 1360
107 0.4136349971985558 1296
108 0.3776704393343233 1193
109 0.3201462861110542 1045
110 0.31722734917642015 1038
111 0.30362797638388983 1006
112 0.24699069924154982 883
113 0.17143390094300814 742
114 0.1316186643491255 677
115 0.10243370568133647 633
116 0 500
117 -0.04000516167158352 456
118 -0.07883394936226118 417
119 -0.14146280243036102 361
120 -0.21752737583371395 303
121 -0.30627305107635294 247
122 -0.36051351073141413 218
123 -0.43889861635094407 182
124 -0.5003129173815961 158
125 -0.5654310959658013 136
126 -0.6126101736612704 122
127 -0.7695510786217259 85
128 -0.8538719643217618 70
129 -1 50
130 -1.065501548756432 43
131 -1.075720713938118 42
132 -1.2218487496163561 30
133 -1.3565473235138126 22
134 -1.2839966563652006 26
135 -1.920818753952375 6
136 -2 5
137 -2.6989700043360187 1
138 -1.8538719643217618 7
139 -2.6989700043360187 1
140 -2.221848749616356 3
141 -inf 0
142 -inf 0
143 -2.6989700043360187 1
144 -inf 0
145 -2.6989700043360187 1
146 -2.6989700043360187 1
147 -inf 0
148 -inf 0
149 -inf 0
150 -inf 0
151 -inf 0
152 -inf 0
153 -inf 0
154 -inf 0
155 -inf 0
156 -inf 0
157 -inf 0
158 -inf 0
159 -inf 0
160 -inf 0
161 -inf 0
162 -inf 0
163 -inf 0
164 -inf 0
165 -inf 0
166 -inf 0
167 -inf 0
168 -inf 0
169 -inf 0
170 -inf 0
171 -inf 0
172 -inf 0
173 -inf 0
174 -inf 0
175 -inf 0
176 -inf 0
177 -inf 0
178 -inf 0
179 -inf 0
180 -inf 0
181 -inf 0
182 -inf 0
183 -inf 0
184 -inf 0
185 -inf 0
186 -inf 0
187 -inf 0
188 -inf 0
189 -inf 0
190 -inf 0
191 -inf 0
192 -inf 0
193 -inf 0
194 -inf 0
195 -inf 0
196 -inf 0
197 -inf 0
198 -inf 0
199 -inf 0
200 -inf 0
