#{"compare":true,"complock":{"dynamic_bool":false,"lock_style":"None","lock_threshold":0.1,"release_threshold":0.05},"fraction":true,"graph_seed":875629289,"graph_type":{"Barabasi":[5,20]},"lambda_range":{"end":1.0,"start":0.0,"steps":200},"lockdown":{"dynamic_bool":true,"lock_style":{"LimitContacts":2},"lock_threshold":0.1,"release_threshold":0.05},"measure":"M","recovery_prob":0.14,"samples_per_step":5000,"sir_seed":1489264107025,"system_size":500}
#lambda meanWL varianceWL meanNL varianceNL
0e0 2e-3 0e0 2e-3 0e0
5.025125628140704e-3 3.1784e-3 1.3476973440001538e-5 3.1784e-3 1.3476973440001538e-5
1.0050251256281407e-2 9.1356e-3 3.1054161263998877e-4 9.1992e-3 3.1211551935997925e-4
1.507537688442211e-2 2.5528e-2 1.534860416000061e-3 2.61188e-2 1.7300026865600152e-3
2.0100502512562814e-2 4.1342399999999994e-2 2.5785211622398768e-3 5.33584e-2 4.703817149439825e-3
2.512562814070352e-2 5.4660400000000005e-2 3.0689822718398636e-3 8.70744e-2 8.892343264640239e-3
3.015075376884422e-2 6.445999999999999e-2 3.3553868000000884e-3 1.227912e-1 1.3168327602560028e-2
3.5175879396984924e-2 7.33944e-2 3.5348700486400424e-3 1.603236e-1 1.7691584083040494e-2
4.020100502512563e-2 8.156000000000001e-2 3.636824000000073e-3 1.9530920000000002e-1 2.1339443595359216e-2
4.522613065326633e-2 8.89708e-2 3.7618999473599275e-3 2.2520079999999998e-1 2.5213098879358853e-2
5.025125628140704e-2 9.65748e-2 3.7311872049600623e-3 2.596088e-1 2.790748536256048e-2
5.527638190954774e-2 1.0246559999999999e-1 3.8433864166399546e-3 2.912568e-1 3.0088638053760514e-2
6.030150753768844e-2 1.075184e-1 3.870284861440066e-3 3.1963440000000004e-1 3.184581993663985e-2
6.532663316582915e-2 1.1437399999999999e-1 3.8369457239999165e-3 3.4641120000000003e-1 3.3055054914559595e-2
7.035175879396985e-2 1.211472e-1 3.6425047321599815e-3 3.682284e-1 3.483091663344097e-2
7.537688442211055e-2 1.2481640000000001e-1 3.809564691039956e-3 3.941108e-1 3.469759652335979e-2
8.040201005025126e-2 1.320412e-1 3.7716631025599668e-3 4.2101e-1 3.3474143900000294e-2
8.542713567839195e-2 1.3462880000000002e-1 3.855275010560024e-3 4.326036e-1 3.631631806703957e-2
9.045226130653267e-2 1.399732e-1 3.965100881760044e-3 4.543892e-1 3.5817570923360596e-2
9.547738693467336e-2 1.451748e-1 3.969100644959958e-3 4.6754840000000003e-1 3.697868645744021e-2
1.0050251256281408e-1 1.5064760000000002e-1 4.021648614239989e-3 4.866048e-1 3.6211775016960476e-2
1.0552763819095477e-1 1.547964e-1 4.17135214704001e-3 5.070848e-1 3.363533520896043e-2
1.1055276381909548e-1 1.59142e-1 4.2436838359999705e-3 5.204884e-1 3.3949002265439884e-2
1.1557788944723618e-1 1.635172e-1 4.29705570415999e-3 5.36038e-1 3.2810512955999606e-2
1.2060301507537688e-1 1.6585319999999998e-1 4.48748484975995e-3 5.492804e-1 3.185112137584049e-2
1.2562814070351758e-1 1.706324e-1 4.280136870240073e-3 5.595072e-1 3.259758594815984e-2
1.306532663316583e-1 1.731328e-1 4.4401663641599745e-3 5.701708e-1 3.2731910827360704e-2
1.35678391959799e-1 1.7586680000000002e-1 4.34311105776005e-3 5.846236e-1 3.042520072304036e-2
1.407035175879397e-1 1.783464e-1 4.458902407039958e-3 5.951336e-1 2.9844630151039962e-2
1.457286432160804e-1 1.819828e-1 4.394530104160008e-3 6.081092e-1 2.7278088075360273e-2
1.507537688442211e-1 1.83612e-1 4.351100656000017e-3 6.172848e-1 2.679011248896005e-2
1.5577889447236182e-1 1.883108e-1 4.373005003360019e-3 6.259e-1 2.6522623599999833e-2
1.6080402010050251e-1 1.905024e-1 4.5195107942399785e-3 6.382168e-1 2.391276739776001e-2
1.658291457286432e-1 1.915916e-1 4.388635609440063e-3 6.413284e-1 2.652529855343987e-2
1.708542713567839e-1 1.949264e-1 4.707618583039992e-3 6.502336000000001e-1 2.5534865431039826e-2
1.7587939698492464e-1 1.9976e-1 4.629171200000022e-3 6.607628e-1 2.325792453615945e-2
1.8090452261306533e-1 2.024976e-1 4.7983171942400015e-3 6.688683999999999e-1 2.2141989081439443e-2
1.8592964824120603e-1 2.062516e-1 5.309729497440042e-3 6.74778e-1 2.1903901116000202e-2
1.9095477386934673e-1 2.124752e-1 5.059303784960065e-3 6.79922e-1 2.1935533915999738e-2
1.9597989949748743e-1 2.1723679999999998e-1 5.086033525759969e-3 6.871072e-1 2.064455970816024e-2
2.0100502512562815e-1 2.187152e-1 5.21149648896001e-3 6.935560000000001e-1 2.0081902063999745e-2
2.0603015075376885e-1 2.2548159999999998e-1 5.637430461439974e-3 6.964732e-1 2.1368618481760335e-2
2.1105527638190955e-1 2.2940639999999998e-1 5.759686039039997e-3 7.03018e-1 2.0371620476000312e-2
2.1608040201005024e-1 2.363232e-1 5.7016635417600795e-3 7.075212000000001e-1 2.0854374750559918e-2
2.2110552763819097e-1 2.399204e-1 6.043896863839982e-3 7.175876e-1 1.6807195526239913e-2
2.2613065326633167e-1 2.439e-1 6.267177200000055e-3 7.208128e-1 1.7836568156160207e-2
2.3115577889447236e-1 2.5151439999999997e-1 6.53854659264004e-3 7.258708e-1 1.7186918507360052e-2
2.3618090452261306e-1 2.526044e-1 6.813053100640028e-3 7.312124e-1 1.664732768624036e-2
2.4120603015075376e-1 2.594228e-1 6.890445240159994e-3 7.398312e-1 1.3700649906559862e-2
2.4623115577889448e-1 2.6396600000000003e-1 7.087903643999906e-3 7.399747999999999e-1 1.622688336495991e-2
2.5125628140703515e-1 2.684436e-1 7.511792819039975e-3 7.485567999999999e-1 1.3202299573760208e-2
2.562814070351759e-1 2.733124e-1 7.680755206239979e-3 7.506532e-1 1.4079047729760088e-2
2.613065326633166e-1 2.7858999999999995e-1 8.02325910000003e-3 7.55958e-1 1.3185616635999728e-2
2.663316582914573e-1 2.816932e-1 8.090821873759991e-3 7.615288e-1 1.1204142770559943e-2
2.71356783919598e-1 2.846624e-1 9.032953226239947e-3 7.637284e-1 1.1875373433439813e-2
2.7638190954773867e-1 2.8922559999999997e-1 8.842198704639937e-3 7.660739999999999e-1 1.1940606523999775e-2
2.814070351758794e-1 2.944652e-1 9.55428518895992e-3 7.687691999999999e-1 1.2627793131360122e-2
2.864321608040201e-1 2.980836e-1 9.615776211040069e-3 7.750272e-1 9.491528860159873e-3
2.914572864321608e-1 3.023072e-1 1.00426992281601e-2 7.763407999999999e-1 1.0747352655360051e-2
2.964824120603015e-1 3.0650279999999996e-1 1.0207586392159934e-2 7.799036e-1 1.0086367507040256e-2
3.015075376884422e-1 3.0490120000000004e-1 1.07904062385599e-2 7.850756e-1 7.446845484639991e-3
3.065326633165829e-1 3.065136e-1 1.1519633815040006e-2 7.840884e-1 1.0063527385440075e-2
3.1155778894472363e-1 3.1465839999999995e-1 1.173848490944002e-2 7.883084e-1 8.381972889439912e-3
3.165829145728643e-1 3.1993720000000003e-1 1.2031513656159917e-2 7.923848e-1 7.562837528960092e-3
3.2160804020100503e-1 3.208984e-1 1.2170919277439943e-2 7.917544000000001e-1 9.346346080640057e-3
3.2663316582914576e-1 3.222812e-1 1.313895532655996e-2 7.972416e-1 6.995024829440034e-3
3.316582914572864e-1 3.2552600000000004e-1 1.3266590524000026e-2 7.993432e-1 6.656242213760129e-3
3.3668341708542715e-1 3.2945440000000004e-1 1.4028590320639907e-2 8.002996e-1 7.321386239839939e-3
3.417085427135678e-1 3.3577999999999997e-1 1.4389519599999954e-2 8.027668e-1 7.749409617760135e-3
3.4673366834170855e-1 3.358024e-1 1.5339845754239871e-2 8.055988e-1 7.011502238560076e-3
3.5175879396984927e-1 3.36532e-1 1.5319120175999918e-2 8.091044000000001e-1 5.482214700640051e-3
3.5678391959798994e-1 3.3945319999999995e-1 1.5749263409760142e-2 8.093808e-1 7.344730191359956e-3
3.6180904522613067e-1 3.4491320000000003e-1 1.6350262865760072e-2 8.146732e-1 5.030613201760009e-3
3.6683417085427134e-1 3.483576e-1 1.728242732224002e-2 8.15586e-1 6.091645403999874e-3
3.7185929648241206e-1 3.454584e-1 1.756410346944e-2 8.177572e-1 5.999239448160084e-3
3.768844221105528e-1 3.494816e-1 1.808589766143998e-2 8.220624e-1 4.156095306239923e-3
3.8190954773869346e-1 3.521924e-1 1.854917338224004e-2 8.229188000000001e-1 5.519830206559965e-3
3.869346733668342e-1 3.533752e-1 1.855455682495996e-2 8.255936e-1 5.138566039039918e-3
3.9195979899497485e-1 3.524616e-1 1.9184759725439978e-2 8.281656000000001e-1 4.897652576640078e-3
3.969849246231156e-1 3.552276e-1 1.9779106598240007e-2 8.305228e-1 4.0837898801600065e-3
4.020100502512563e-1 3.590064e-1 2.045559995903998e-2 8.343812e-1 2.5814922865599953e-3
4.0703517587939697e-1 3.592836e-1 2.0800383571040013e-2 8.3393e-1 4.5265287000000425e-3
4.120603015075377e-1 3.6059640000000004e-1 2.1301478707040068e-2 8.376676e-1 3.991538310239952e-3
4.1708542713567837e-1 3.609892e-1 2.1717070283360083e-2 8.379908e-1 4.290173515359945e-3
4.221105527638191e-1 3.6493200000000003e-1 2.206740497599989e-2 8.413339999999999e-1 3.3081700439999795e-3
4.271356783919598e-1 3.662692e-1 2.249732833136012e-2 8.438408e-1 2.6232178553599957e-3
4.321608040201005e-1 3.7396480000000004e-1 2.3544721960959875e-2 8.453884e-1 2.348002745439975e-3
4.371859296482412e-1 3.6798919999999996e-1 2.3114043883360174e-2 8.4627e-1 3.3504750999999943e-3
4.4221105527638194e-1 3.701044e-1 2.3874812300640088e-2 8.466728e-1 3.7795697401599476e-3
4.472361809045226e-1 3.72762e-1 2.476641855600001e-2 8.491004000000001e-1 2.9384827198399494e-3
4.5226130653266333e-1 3.656492e-1 2.4584415339359893e-2 8.515048000000001e-1 2.2349035769600074e-3
4.57286432160804e-1 3.7141359999999995e-1 2.468682573504006e-2 8.518496e-1 2.80782537984004e-3
4.623115577889447e-1 3.723964e-1 2.5321522067040067e-2 8.539148e-1 2.1004863409600284e-3
4.6733668341708545e-1 3.784344e-1 2.5795619296639934e-2 8.540624e-1 2.686735306239938e-3
4.723618090452261e-1 3.743e-1 2.573555959999985e-2 8.564084000000001e-1 2.1032500094400317e-3
4.7738693467336685e-1 3.7432960000000004e-1 2.634960176384003e-2 8.579008e-1 1.3776381593599858e-3
4.824120603015075e-1 3.7736759999999997e-1 2.6343479270240003e-2 8.587028e-1 1.8262412721600444e-3
4.8743718592964824e-1 3.829264e-1 2.721553378304e-2 8.589832000000001e-1 1.8265517177599889e-3
4.9246231155778897e-1 3.718896e-1 2.6243763811840057e-2 8.592348e-1 2.5766840689600205e-3
4.9748743718592964e-1 3.745156e-1 2.721013015664003e-2 8.611992e-1 1.5371843193599914e-3
5.025125628140703e-1 3.784124e-1 2.727800192623991e-2 8.603492e-1 2.4297188593600328e-3
5.07537688442211e-1 3.744484e-1 2.6974281337440086e-2 8.620548e-1 1.8361865969600266e-3
5.125628140703518e-1 3.767412e-1 2.7515787422559963e-2 8.630624e-1 1.3806889062399819e-3
5.175879396984925e-1 3.7573880000000004e-1 2.7118026974560058e-2 8.634584e-1 1.9887530694400104e-3
5.226130653266332e-1 3.791712e-1 2.7759914690559925e-2 8.643208e-1 1.239789887360003e-3
5.276381909547738e-1 3.757704e-1 2.7146720083840052e-2 8.653892e-1 1.2532277233599756e-3
5.326633165829145e-1 3.7618599999999996e-1 2.7016001404000043e-2 8.649064e-1 1.843500039040013e-3
5.376884422110553e-1 3.736532e-1 2.6188934929760092e-2 8.6686e-1 1.108454000000009e-3
5.42713567839196e-1 3.745304e-1 2.685153787583971e-2 8.663696e-1 1.5554697958400354e-3
5.477386934673367e-1 3.794296e-1 2.7154743443840352e-2 8.675584e-1 9.638641894399923e-4
5.527638190954773e-1 3.8101080000000004e-1 2.8187809483359905e-2 8.682884000000001e-1 6.569672254400214e-4
5.577889447236181e-1 3.7779e-1 2.6516927900000063e-2 8.68642e-1 9.656238359999911e-4
5.628140703517588e-1 3.7385680000000004e-1 2.6056477093760272e-2 8.6797e-1 1.4150334999999997e-3
5.678391959798995e-1 3.773364e-1 2.7090645235039842e-2 8.691552e-1 9.772047129600107e-4
5.728643216080402e-1 3.782288e-1 2.6314963650560044e-2 8.692388e-1 1.5794741745600062e-3
5.778894472361809e-1 3.74262e-1 2.626736735599968e-2 8.699008e-1 1.2806685593599915e-3
5.829145728643216e-1 3.801856e-1 2.6607533552639923e-2 8.706784e-1 8.215445734400015e-4
5.879396984924623e-1 3.778816e-1 2.6069766781440133e-2 8.712968e-1 5.261743097599855e-4
5.92964824120603e-1 3.790784e-1 2.5755886653439832e-2 8.710584e-1 1.1473389894400066e-3
5.979899497487438e-1 3.822916e-1 2.6211426169440097e-2 8.716084e-1 1.1301514494400226e-3
6.030150753768844e-1 3.784568e-1 2.5999280933760128e-2 8.722824e-1 6.849266502400095e-4
6.080402010050251e-1 3.810616e-1 2.5665916205440276e-2 8.730368e-1 5.365554457599925e-4
6.130653266331658e-1 3.791856e-1 2.543310795264011e-2 8.731188e-1 1.0034722865600028e-3
6.180904522613065e-1 3.837852e-1 2.5383906660960028e-2 8.735556e-1 8.585793086399979e-4
6.231155778894473e-1 3.817876e-1 2.5076864486239938e-2 8.741932e-1 3.999058737599966e-4
6.28140703517588e-1 3.8208479999999995e-1 2.4630738408959886e-2 8.739356e-1 1.0257454526400134e-3
6.331658291457286e-1 3.8443520000000003e-1 2.5207916200960027e-2 8.748684e-1 8.803170814400053e-4
6.381909547738693e-1 3.873376e-1 2.4669103626240182e-2 8.7552e-1 7.256047999999987e-4
6.432160804020101e-1 3.8450439999999997e-1 2.4344741580639987e-2 8.762768e-1 5.72763381760021e-4
6.482412060301508e-1 3.900772e-1 2.5227015640160125e-2 8.774244e-1 5.969158846400111e-4
6.532663316582915e-1 3.8726799999999995e-1 2.4430004976000116e-2 8.775312000000001e-1 7.487066265600054e-4
6.582914572864321e-1 3.870756e-1 2.429882788464017e-2 8.78414e-1 6.005254040000114e-4
6.633165829145728e-1 3.8866480000000003e-1 2.4004422040959945e-2 8.790916e-1 6.147228094400037e-4
6.683417085427136e-1 3.84598e-1 2.3302942395999938e-2 8.798216e-1 4.5432177344000994e-4
6.733668341708543e-1 3.898388e-1 2.334498921455993e-2 8.804120000000001e-1 4.7535665599999366e-4
6.78391959798995e-1 3.9609679999999997e-1 2.424853782976009e-2 8.806556000000001e-1 9.407341886400175e-4
6.834170854271356e-1 3.9326e-1 2.345938520000009e-2 8.820264e-1 6.475625030399806e-4
6.884422110552764e-1 3.957856e-1 2.293534283263996e-2 8.825812e-1 6.408534065600171e-4
6.934673366834171e-1 3.995724e-1 2.3641464358239814e-2 8.836932000000001e-1 6.67093873759998e-4
6.984924623115578e-1 3.970748e-1 2.306362640496e-2 8.843048e-1 5.032622969600031e-4
7.035175879396985e-1 3.9554199999999995e-1 2.152116383600022e-2 8.847468e-1 6.813134897600158e-4
7.085427135678392e-1 3.9874360000000003e-1 2.266880785903997e-2 8.862912000000001e-1 5.332400025600028e-4
7.135678391959799e-1 4.039528e-1 2.315185857215996e-2 8.869208e-1 5.376401273599983e-4
7.185929648241206e-1 3.983412e-1 2.231360438256e-2 8.881011999999999e-1 5.390753585599973e-4
7.236180904522613e-1 4.053848e-1 2.326955112896011e-2 8.88872e-1 5.421868160000064e-4
7.286432160804021e-1 4.03842e-1 2.1762334235999863e-2 8.898524e-1 5.602126142400003e-4
7.336683417085427e-1 4.0965159999999995e-1 2.3486265017440215e-2 8.906088e-1 5.625589625600007e-4
7.386934673366834e-1 4.131996e-1 2.311261615983974e-2 8.914896e-1 5.773602918400088e-4
7.437185929648241e-1 4.1454599999999997e-1 2.2002011484000147e-2 8.928516e-1 5.532499774399905e-4
7.487437185929648e-1 4.1560199999999997e-1 2.2522037596000074e-2 8.941384e-1 5.705008454399983e-4
7.537688442211056e-1 4.1392e-1 2.223548800000018e-2 8.949928e-1 7.578159481600049e-4
7.587939698492462e-1 4.17094e-1 2.203600076400011e-2 8.957704e-1 7.459088838400016e-4
7.638190954773869e-1 4.16974e-1 2.1586300123999945e-2 8.970376e-1 5.938769862399964e-4
7.688442211055276e-1 4.191492e-1 2.1950718539359804e-2 8.976512e-1 5.846735385600038e-4
7.738693467336684e-1 4.228756e-1 2.194793492463976e-2 8.9963e-1 5.851854999999921e-4
7.788944723618091e-1 4.2114080000000004e-1 2.164432097535993e-2 9.007492e-1 5.672698993599973e-4
7.839195979899497e-1 4.2327359999999997e-1 2.1196341143040084e-2 9.012036000000001e-1 5.780321470399985e-4
7.889447236180904e-1 4.239488e-1 2.0515586178559923e-2 9.023432e-1 5.67959013759999e-4
7.939698492462312e-1 4.281164e-1 2.1603251251040036e-2 9.041256e-1 5.739314246400047e-4
7.989949748743719e-1 4.3015800000000004e-1 2.1170790236000055e-2 9.048548e-1 5.789293169599963e-4
8.040201005025126e-1 4.273096e-1 2.010885294783999e-2 9.060771999999999e-1 5.54209240160002e-4
8.090452261306532e-1 4.327564e-1 2.0422153459040214e-2 9.073924e-1 7.185132222400136e-4
8.140703517587939e-1 4.33762e-1 1.991561135599993e-2 9.084184000000001e-1 5.525129414399959e-4
8.190954773869347e-1 4.3463440000000003e-1 2.012244713663986e-2 9.100676e-1 5.329386302399945e-4
8.241206030150754e-1 4.359132e-1 2.0004916465760053e-2 9.109364000000001e-1 5.397799550400071e-4
8.291457286432161e-1 4.364536e-1 1.9451184647039745e-2 9.118292e-1 5.469444273600076e-4
8.341708542713567e-1 4.381256e-1 2.04636370246399e-2 9.128024e-1 5.304457542399925e-4
8.391959798994975e-1 4.439248e-1 1.993085674495986e-2 9.139684e-1 5.045726014399962e-4
8.442211055276382e-1 4.4556959999999995e-1 1.9957208355840153e-2 9.154928e-1 5.225411481599961e-4
8.492462311557789e-1 4.424692e-1 1.9293414251359938e-2 9.163288e-1 5.019526905600079e-4
8.542713567839196e-1 4.46786e-1 1.8847911003999848e-2 9.163484e-1 5.205290174400086e-4
8.592964824120602e-1 4.506772e-1 1.969606860015997e-2 9.180024e-1 5.190351942400041e-4
8.64321608040201e-1 4.501768e-1 1.8564957541759977e-2 9.182952e-1 5.150696569600036e-4
8.693467336683417e-1 4.531812e-1 1.9281898366559767e-2 9.194324e-1 5.199570302399942e-4
8.743718592964824e-1 4.5077839999999997e-1 1.8269450093440165e-2 9.205164e-1 5.208797310399942e-4
8.793969849246231e-1 4.567436e-1 1.7884841459039926e-2 9.22236e-1 4.915283040000044e-4
8.844221105527639e-1 4.529412e-1 1.7516620542560004e-2 9.222916e-1 4.989301694399981e-4
8.894472361809045e-1 4.55748e-1 1.852143889600008e-2 9.2332e-1 5.130319999999988e-4
8.944723618090452e-1 4.592484e-1 1.771094469744004e-2 9.236236e-1 5.143503230399934e-4
8.994974874371859e-1 4.6114879999999997e-1 1.7713921858559935e-2 9.244403999999999e-1 5.167924478400013e-4
9.045226130653267e-1 4.6431880000000003e-1 1.7727430366560062e-2 9.257744e-1 4.757427046400021e-4
9.095477386934674e-1 4.65192e-1 1.7695558336000058e-2 9.260191999999999e-1 5.038780313599998e-4
9.14572864321608e-1 4.666648e-1 1.7845956440959983e-2 9.267316e-1 5.048815614399942e-4
9.195979899497487e-1 4.7043959999999996e-1 1.781050035184016e-2 9.279152e-1 4.8324240895999645e-4
9.246231155778895e-1 4.719196e-1 1.707090953584008e-2 9.280104e-1 5.171246918399971e-4
9.296482412060302e-1 4.733388e-1 1.683582761456e-2 9.290948e-1 5.019462129600004e-4
9.346733668341709e-1 4.761472e-1 1.6919752732160013e-2 9.299836e-1 4.7443413103998814e-4
9.396984924623115e-1 4.7890839999999996e-1 1.7063127609439985e-2 9.304096e-1 4.992722278399917e-4
9.447236180904522e-1 4.807568e-1 1.7406091253760022e-2 9.304652e-1 5.259635889600075e-4
9.49748743718593e-1 4.828896e-1 1.710891101183985e-2 9.314692e-1 5.079462513599921e-4
9.547738693467337e-1 4.820868e-1 1.6127738865760053e-2 9.314404e-1 5.335228478399945e-4
9.597989949748744e-1 4.8432400000000003e-1 1.6603208623999995e-2 9.323536e-1 5.044941670399987e-4
9.64824120603015e-1 4.884484e-1 1.7041678137440078e-2 9.327648000000001e-1 5.105574809600008e-4
9.698492462311558e-1 4.9068720000000005e-1 1.632865255616003e-2 9.329276e-1 5.264683582399995e-4
9.748743718592965e-1 4.931644e-1 1.6564771372639897e-2 9.340776e-1 4.726787782399876e-4
9.798994974874372e-1 4.92844e-1 1.677191806399989e-2 9.337056e-1 5.1341732864001e-4
9.849246231155779e-1 4.9508440000000004e-1 1.5590852076640044e-2 9.352684e-1 4.7721756143999237e-4
9.899497487437185e-1 4.946556e-1 1.5407063788639996e-2 9.351924e-1 4.7191658224000655e-4
9.949748743718593e-1 5.027288e-1 1.5261089650560096e-2 9.353064000000001e-1 5.066069190399939e-4
1e0 5.029468e-1 1.5969269169760086e-2 9.354056000000001e-1 5.12857888639996e-4
