#{"compare":true,"complock":{"dynamic_bool":false,"lock_style":"CircuitBreaker","lock_threshold":0.1,"release_threshold":0.05},"fraction":true,"graph_seed":875629289,"graph_type":{"Barabasi":[2,10]},"lambda_range":{"end":1.0,"start":0.0,"steps":300},"lockdown":{"dynamic_bool":true,"lock_style":"Targeted","lock_threshold":0.1,"release_threshold":0.05},"measure":"M","recovery_prob":0.14,"samples_per_step":10000,"sir_seed":1489264107025,"system_size":200}
#lambda meanWL varianceWL meanNL varianceNL
0e0 5e-3 0e0 5e-3 0e0
3.3444816053511705e-3 5.442e-3 3.1896360000007616e-6 5.442e-3 3.1896360000007616e-6
6.688963210702341e-3 6.0805e-3 1.3375019750001527e-5 6.0805e-3 1.3375019750001527e-5
1.0033444816053512e-2 6.821000000000001e-3 3.107895900000498e-5 6.928e-3 3.5657815999997364e-5
1.3377926421404682e-2 8.2325e-3 8.177344375000411e-5 8.05e-3 7.802249999998484e-5
1.6722408026755852e-2 9.806500000000001e-3 1.6784505774997057e-4 9.647e-3 1.571453910000168e-4
2.0066889632107024e-2 1.1722999999999999e-2 2.7418127099999173e-4 1.1695500000000001e-2 2.7666777975003535e-4
2.3411371237458192e-2 1.45065e-2 4.98283957750005e-4 1.3848500000000001e-2 4.418415477500058e-4
2.6755852842809364e-2 1.77255e-2 7.495241497500646e-4 1.74705e-2 7.010391297500049e-4
3.0100334448160536e-2 2.18165e-2 1.113372827750039e-3 2.13975e-2 9.973944937499161e-4
3.3444816053511704e-2 2.5892e-2 1.5279943359998594e-3 2.43315e-2 1.2343706077498882e-3
3.678929765886288e-2 3.01615e-2 1.9492814177502176e-3 2.8852000000000003e-2 1.592482095999823e-3
4.013377926421405e-2 3.5313500000000005e-2 2.4653392177502505e-3 3.18485e-2 1.8170255477499466e-3
4.3478260869565216e-2 4.00365e-2 2.9472211677498772e-3 3.58435e-2 2.0904510077499085e-3
4.6822742474916385e-2 4.6705500000000004e-2 3.521223769750126e-3 4.0219500000000005e-2 2.3596293197498657e-3
5.016722408026756e-2 5.1102e-2 4.0713205959998265e-3 4.3009500000000006e-2 2.5245904097497152e-3
5.351170568561873e-2 5.58335e-2 4.544742777749861e-3 4.6776e-2 2.7321058239996978e-3
5.6856187290969896e-2 6.186899999999999e-2 5.086961838999504e-3 4.9645e-2 2.88253397499972e-3
6.020066889632107e-2 6.73e-2 5.5679950000002525e-3 5.30215e-2 3.0341830377498945e-3
6.354515050167224e-2 7.435699999999999e-2 6.2399215509994985e-3 5.6213e-2 3.164233631000175e-3
6.688963210702341e-2 7.986850000000001e-2 6.716285207750044e-3 5.87095e-2 3.2694871097502486e-3
7.023411371237458e-2 8.6005e-2 7.260609974999883e-3 6.200649999999999e-2 3.355241457749963e-3
7.357859531772576e-2 8.98875e-2 7.720919843750257e-3 6.4464e-2 3.4783627039999833e-3
7.692307692307693e-2 9.693e-2 8.239455100000135e-3 6.88795e-2 3.5491869797499853e-3
8.02675585284281e-2 1.0304050000000001e-1 8.73328285975047e-3 6.9642e-2 3.61906183600023e-3
8.361204013377926e-2 1.06375e-1 9.10426437499964e-3 7.20465e-2 3.7042493377501457e-3
8.695652173913043e-2 1.145655e-1 9.613433709750234e-3 7.480400000000001e-2 3.8155215839999826e-3
9.03010033444816e-2 1.1852700000000001e-1 1.0058025271000042e-2 7.8161e-2 3.7965530790001387e-3
9.364548494983277e-2 1.2435800000000001e-1 1.0579037836000307e-2 8.00725e-2 3.8706522437499205e-3
9.698996655518395e-2 1.28262e-1 1.0895434356000497e-2 8.2066e-2 3.9643916440001885e-3
1.0033444816053512e-1 1.358005e-1 1.1372926699749729e-2 8.361750000000001e-2 3.988581193749998e-3
1.0367892976588629e-1 1.3903100000000002e-1 1.1918956038999881e-2 8.66505e-2 4.016598349749776e-3
1.0702341137123746e-1 1.442175e-1 1.220449519375094e-2 8.7515e-2 4.087669774999771e-3
1.1036789297658862e-1 1.50896e-1 1.2588387183999211e-2 9.150900000000001e-2 4.094267919000241e-3
1.1371237458193979e-1 1.566825e-1 1.2838736693749828e-2 9.241300000000001e-2 4.166257430999927e-3
1.1705685618729098e-1 1.63159e-1 1.3238575719000027e-2 9.5384e-2 4.1448675439998e-3
1.2040133779264214e-1 1.665645e-1 1.360280483974965e-2 9.690950000000001e-2 4.204206309749872e-3
1.2374581939799331e-1 1.7049299999999998e-1 1.4053211950999863e-2 9.889200000000001e-2 4.208817335999868e-3
1.2709030100334448e-1 1.79101e-1 1.3990626799000157e-2 1.024195e-1 4.185403519749845e-3
1.3043478260869565e-1 1.80987e-1 1.4755130830999556e-2 1.027145e-1 4.271958989750042e-3
1.3377926421404682e-1 1.866995e-1 1.5358339199749261e-2 1.051335e-1 4.279254677749995e-3
1.3712374581939799e-1 1.92657e-1 1.497960535100024e-2 1.06644e-1 4.257247264000248e-3
1.4046822742474915e-1 1.963545e-1 1.5265482829750014e-2 1.0884600000000001e-1 4.283213284000312e-3
1.4381270903010032e-1 2.0282150000000002e-1 1.5543531637750036e-2 1.10536e-1 4.340247703999823e-3
1.4715719063545152e-1 2.053305e-1 1.5963078269749156e-2 1.1104699999999999e-1 4.416533790999975e-3
1.505016722408027e-1 2.111615e-1 1.621319341775005e-2 1.151645e-1 4.2950604397498995e-3
1.5384615384615385e-1 2.14441e-1 1.6376482518998862e-2 1.1622500000000001e-1 4.3622643749999515e-3
1.5719063545150502e-1 2.222495e-1 1.6573202249750268e-2 1.16745e-1 4.371264975000083e-3
1.605351170568562e-1 2.231215e-1 1.7082033737749615e-2 1.195255e-1 4.347972349749748e-3
1.6387959866220736e-1 2.2852450000000002e-1 1.7131245399750326e-2 1.2104050000000001e-1 4.356579859750018e-3
1.6722408026755853e-1 2.347675e-1 1.7248808443750416e-2 1.22268e-1 4.430851176000101e-3
1.705685618729097e-1 2.3851e-1 1.7554764899999836e-2 1.24042e-1 4.382232236000129e-3
1.7391304347826086e-1 2.42268e-1 1.761910117599983e-2 1.249705e-1 4.5202716297501585e-3
1.7725752508361203e-1 2.4798749999999997e-1 1.7978847343750586e-2 1.2656900000000001e-1 4.515593238999928e-3
1.806020066889632e-1 2.491275e-1 1.8215736243750065e-2 1.287335e-1 4.4412284777498425e-3
1.8394648829431437e-1 2.58293e-1 1.7740621150999156e-2 1.306545e-1 4.45799912974975e-3
1.8729096989966554e-1 2.61105e-1 1.8161178975000324e-2 1.3111e-1 4.49731789999997e-3
1.9063545150501673e-1 2.63752e-1 1.840321249599995e-2 1.3382249999999998e-1 4.392485993749849e-3
1.939799331103679e-1 2.684705e-1 1.8679968129749536e-2 1.3471650000000002e-1 4.461162127750047e-3
1.9732441471571907e-1 2.723545e-1 1.891786882974916e-2 1.3552899999999998e-1 4.488045159000124e-3
2.0066889632107024e-1 2.784955e-1 1.883177397974977e-2 1.3654650000000002e-1 4.485745837750139e-3
2.040133779264214e-1 2.81924e-1 1.885809822399878e-2 1.39104e-1 4.427042183999822e-3
2.0735785953177258e-1 2.8738199999999997e-1 1.875486607599947e-2 1.398545e-1 4.491921329750012e-3
2.1070234113712374e-1 2.905615e-1 1.897276721774944e-2 1.405095e-1 4.491112909749895e-3
2.140468227424749e-1 2.92697e-1 1.9675301190999868e-2 1.42114e-1 4.458541004000151e-3
2.1739130434782608e-1 2.99034e-1 1.9118491843999313e-2 1.4523049999999998e-1 4.3392893697501425e-3
2.2073578595317725e-1 3.0342199999999997e-1 1.941306991600016e-2 1.45542e-1 4.542246236000154e-3
2.2408026755852842e-1 3.0508050000000003e-1 1.9940356019749205e-2 1.47429e-1 4.4621549590000776e-3
2.2742474916387959e-1 3.094535e-1 1.971715383774995e-2 1.4718799999999999e-1 4.5287826560000315e-3
2.3076923076923078e-1 3.14667e-1 1.961827411099937e-2 1.49381e-1 4.509221839000023e-3
2.3411371237458195e-1 3.181075e-1 1.971545594375016e-2 1.511325e-1 4.491084943749885e-3
2.3745819397993312e-1 3.229055e-1 2.001412056975033e-2 1.517845e-1 4.574938059750163e-3
2.408026755852843e-1 3.2588949999999994e-1 1.983452128975047e-2 1.53068e-1 4.572167376000095e-3
2.4414715719063546e-1 3.336905e-1 1.9510812709750223e-2 1.555795e-1 4.467801679750031e-3
2.4749163879598662e-1 3.3683100000000005e-1 1.9885617438999765e-2 1.567985e-1 4.550547897749718e-3
2.508361204013378e-1 3.360875e-1 2.0650094843749554e-2 1.577115e-1 4.5269702677499715e-3
2.5418060200668896e-1 3.43455e-1 2.0133322974999243e-2 1.593515e-1 4.559566947750124e-3
2.5752508361204013e-1 3.48812e-1 2.0111288655999773e-2 1.593375e-1 4.677618593749915e-3
2.608695652173913e-1 3.51963e-1 2.0276226631000243e-2 1.607065e-1 4.596853357750019e-3
2.6421404682274247e-1 3.53336e-1 2.0760191103999907e-2 1.647335e-1 4.68287647775002e-3
2.6755852842809363e-1 3.600045e-1 2.01653624797493e-2 1.646505e-1 4.701600349749679e-3
2.709030100334448e-1 3.6197850000000004e-1 2.0564853037750516e-2 1.6567900000000002e-1 4.780873959000025e-3
2.7424749163879597e-1 3.6487549999999996e-1 2.1063236999749956e-2 1.67594e-1 4.717586164000028e-3
2.7759197324414714e-1 3.710815e-1 2.0816817857749765e-2 1.6834700000000002e-1 4.871887590999866e-3
2.809364548494983e-1 3.7328049999999996e-1 2.0580475819750067e-2 1.70639e-1 4.717766678999814e-3
2.842809364548495e-1 3.74112e-1 2.1559276456000944e-2 1.7181049999999998e-1 4.870129589749992e-3
2.8762541806020064e-1 3.820835e-1 2.0567971527750178e-2 1.733935e-1 4.821151657750057e-3
2.909698996655518e-1 3.857405e-1 2.0999609159749712e-2 1.7554999999999998e-1 4.8619824999999095e-3
2.9431438127090304e-1 3.8732799999999995e-1 2.1320575415999684e-2 1.7653400000000002e-1 4.862161844e-3
2.976588628762542e-1 3.93915e-1 2.0580222775000212e-2 1.775225e-1 4.804724493749861e-3
3.010033444816054e-1 3.967205e-1 2.08467623797505e-2 1.7985299999999999e-1 4.790448390999915e-3
3.0434782608695654e-1 3.988525e-1 2.13345457437497e-2 1.806165e-1 4.943492427750096e-3
3.076923076923077e-1 4.0651200000000004e-1 1.963911885599975e-2 1.8067049999999998e-1 5.344112929750129e-3
3.110367892976589e-1 4.08338e-1 2.0546927756000886e-2 1.838805e-1 5.07379421974998e-3
3.1438127090301005e-1 4.117375e-1 2.099517859375045e-2 1.85022e-1 5.059554515999886e-3
3.177257525083612e-1 4.14046e-1 2.1086749884000385e-2 1.88214e-1 4.8552052039999676e-3
3.210702341137124e-1 4.152005e-1 2.1027632299749972e-2 1.8735700000000002e-1 5.285304551000142e-3
3.2441471571906355e-1 4.234115e-1 2.0530664167749926e-2 1.889455e-1 5.323255529749843e-3
3.277591973244147e-1 4.217325e-1 2.101092594374997e-2 1.91799e-1 5.079848598999875e-3
3.311036789297659e-1 4.267925e-1 2.1590004443750182e-2 1.919465e-1 5.271748637750243e-3
3.3444816053511706e-1 4.316415e-1 2.0506787977750286e-2 1.9470749999999998e-1 5.172876943749845e-3
3.377926421404682e-1 4.35396e-1 2.0773023183999248e-2 1.95442e-1 5.470489635999657e-3
3.411371237458194e-1 4.381805e-1 2.1233346919750734e-2 1.96406e-1 5.4365131640000995e-3
3.4448160535117056e-1 4.394535e-1 2.0921913837749374e-2 1.982255e-1 5.3689536497499545e-3
3.4782608695652173e-1 4.420925e-1 2.1184498943749974e-2 1.990145e-1 5.473581289749858e-3
3.511705685618729e-1 4.4563200000000003e-1 2.098856557599954e-2 2.014545e-1 5.470251929749867e-3
3.5451505016722407e-1 4.4817500000000005e-1 2.1321499375000753e-2 2.010165e-1 5.867114227750292e-3
3.5785953177257523e-1 4.53157e-1 2.0554263350999805e-2 2.0224450000000002e-1 5.707544719750218e-3
3.612040133779264e-1 4.52857e-1 2.1651287551000094e-2 2.05153e-1 5.623346591000145e-3
3.6454849498327757e-1 4.5929200000000003e-1 2.0585388735999955e-2 2.0501750000000002e-1 5.8744921937497994e-3
3.6789297658862874e-1 4.611405e-1 2.0321801759750287e-2 2.06551e-1 5.976314398999886e-3
3.712374581939799e-1 4.621115e-1 2.1330249067749215e-2 2.09009e-1 5.842422919000028e-3
3.745819397993311e-1 4.633955e-1 2.1950898079750293e-2 2.0978200000000002e-1 5.9749774760001675e-3
3.779264214046823e-1 4.6771749999999995e-1 2.1351182693750095e-2 2.1110900000000002e-1 6.1833951190000125e-3
3.8127090301003347e-1 4.707965e-1 2.113206308774977e-2 2.127965e-1 6.196117087750054e-3
3.8461538461538464e-1 4.72034e-1 2.1591282843998885e-2 2.126515e-1 6.2162020477501394e-3
3.879598662207358e-1 4.753945e-1 2.0738716869749926e-2 2.152975e-1 6.247398993749988e-3
3.91304347826087e-1 4.8048949999999996e-1 2.018980288975023e-2 2.157255e-1 6.349681149750046e-3
3.9464882943143814e-1 4.806605e-1 2.0999581239750428e-2 2.1696100000000001e-1 6.452219479000004e-3
3.979933110367893e-1 4.8300150000000003e-1 2.1368563497750084e-2 2.1895499999999998e-1 6.633882975000064e-3
4.013377926421405e-1 4.879635e-1 2.0644565167750296e-2 2.1901099999999998e-1 6.614426879000312e-3
4.0468227424749165e-1 4.87937e-1 2.03545090309996e-2 2.21936e-1 6.499536903999898e-3
4.080267558528428e-1 4.9215699999999996e-1 2.024817235100045e-2 2.2083100000000003e-1 6.70971443900019e-3
4.11371237458194e-1 4.93224e-1 2.0801330823999365e-2 2.2185500000000002e-1 6.525723975000027e-3
4.1471571906354515e-1 4.963455e-1 2.063801712974999e-2 2.2304749999999998e-1 6.797300243749882e-3
4.180602006688963e-1 4.9650849999999996e-1 2.1486041927750076e-2 2.24631e-1 7.110278839000051e-3
4.214046822742475e-1 4.99108e-1 2.096980933599937e-2 2.246615e-1 7.058837917749947e-3
4.2474916387959866e-1 4.994645e-1 2.166073573974952e-2 2.270925e-1 7.093698943749694e-3
4.280936454849498e-1 5.035430000000001e-1 2.1190647151000268e-2 2.2795300000000002e-1 7.281229790999949e-3
4.31438127090301e-1 5.04838e-1 2.1039883756000213e-2 2.30381e-1 7.122839839000014e-3
4.3478260869565216e-1 5.059945e-1 2.1404283469750072e-2 2.3069949999999997e-1 7.1925431997501635e-3
4.3812709030100333e-1 5.0986e-1 2.0738050400000672e-2 2.311785e-1 7.616388637750083e-3
4.414715719063545e-1 5.143425e-1 2.0036760193750173e-2 2.31029e-1 7.516071158999687e-3
4.4481605351170567e-1 5.15422e-1 2.0149746916000084e-2 2.325385e-1 7.658958517749848e-3
4.4816053511705684e-1 5.17447e-1 2.0314152191000134e-2 2.340815e-1 7.708033857750142e-3
4.51505016722408e-1 5.168135e-1 2.1576768717749814e-2 2.345895e-1 7.82848898974988e-3
4.5484949832775917e-1 5.201565e-1 2.070547300774948e-2 2.34799e-1 8.03090459900018e-3
4.5819397993311034e-1 5.22025e-1 2.05176143749998e-2 2.364305e-1 8.024121169750136e-3
4.6153846153846156e-1 5.230235e-1 2.1028240947750187e-2 2.380555e-1 8.008661419750089e-3
4.6488294314381273e-1 5.256705e-1 2.0666247929749488e-2 2.38953e-1 8.091308791000007e-3
4.682274247491639e-1 5.26711e-1 1.9395537478999914e-2 2.3723e-1 8.394002099999971e-3
4.7157190635451507e-1 5.264175e-1 2.0673483193750647e-2 2.3890350000000002e-1 8.534000187750232e-3
4.7491638795986624e-1 5.295095e-1 2.01682119097499e-2 2.42532e-1 8.577463975999818e-3
4.782608695652174e-1 5.357135000000001e-1 1.9837823417750228e-2 2.409535e-1 8.667323337749949e-3
4.816053511705686e-1 5.36769e-1 1.9189275639000174e-2 2.43352e-1 8.856339096000034e-3
4.8494983277591974e-1 5.367895e-1 2.0063220189749625e-2 2.4564e-1 8.90678540000009e-3
4.882943143812709e-1 5.378475e-1 2.054112424374974e-2 2.443715e-1 8.937082487750034e-3
4.916387959866221e-1 5.390444999999999e-1 2.014738451974989e-2 2.453775e-1 9.169249993749752e-3
4.9498327759197325e-1 5.41451e-1 2.0549309598999782e-2 2.4482949999999998e-1 9.263638429749999e-3
4.983277591973244e-1 5.435145e-1 2.0050140789750454e-2 2.4819549999999999e-1 9.432931279750098e-3
5.016722408026756e-1 5.485765e-1 1.920950114774971e-2 2.481635e-1 9.411969767750368e-3
5.050167224080268e-1 5.47468e-1 1.9600353975999657e-2 2.481185e-1 9.76647245774982e-3
5.083612040133779e-1 5.53099e-1 1.9323591199000456e-2 2.50988e-1 9.946183855999892e-3
5.117056856187291e-1 5.507865000000001e-1 1.9787918917750464e-2 2.4968900000000002e-1 1.0048768278999875e-2
5.150501672240803e-1 5.526075e-1 1.9518868443750236e-2 2.51284e-1 1.0133866343999941e-2
5.183946488294314e-1 5.54718e-1 2.0092290475999617e-2 2.52146e-1 1.0160619683999774e-2
5.217391304347826e-1 5.568805e-1 1.936687621975001e-2 2.522885e-1 1.0419540267749964e-2
5.250836120401338e-1 5.603405e-1 1.9016096559749812e-2 2.522525e-1 1.0461693743749998e-2
5.284280936454849e-1 5.59642e-1 1.966203183599976e-2 2.54935e-1 1.0357920775000083e-2
5.317725752508361e-1 5.62751e-1 1.9888276998999838e-2 2.54373e-1 1.0314161871000049e-2
5.351170568561873e-1 5.64689e-1 1.838658327900004e-2 2.55532e-1 1.0459486976000097e-2
5.384615384615384e-1 5.64765e-1 1.9278639775000606e-2 2.5730149999999996e-1 1.0936185597749988e-2
5.418060200668896e-1 5.671895e-1 1.959880358975005e-2 2.5529250000000003e-1 1.0828501943749928e-2
5.451505016722408e-1 5.690545e-1 1.8892323529750163e-2 2.58409e-1 1.1224808719000005e-2
5.484949832775919e-1 5.711390000000001e-1 1.858418267899977e-2 2.574865e-1 1.113937481775048e-2
5.518394648829431e-1 5.73454e-1 1.933575988400023e-2 2.60406e-1 1.1421525163999609e-2
5.551839464882943e-1 5.77151e-1 1.7848633198999785e-2 2.59677e-1 1.1467820671e-2
5.585284280936454e-1 5.783265e-1 1.7881016897750054e-2 2.59173e-1 1.1600216071000006e-2
5.618729096989966e-1 5.75207e-1 1.881305215099967e-2 2.60903e-1 1.186769459099993e-2
5.652173913043478e-1 5.812085e-1 1.776314202775002e-2 2.61357e-1 1.1795848551000274e-2
5.68561872909699e-1 5.81028e-1 1.809995321600035e-2 2.632755e-1 1.2125393599750024e-2
5.719063545150501e-1 5.82365e-1 1.7981331775000192e-2 2.61362e-1 1.226936495599993e-2
5.752508361204013e-1 5.87492e-1 1.7019789935999792e-2 2.6464200000000004e-1 1.2371981835999572e-2
5.785953177257525e-1 5.867035e-1 1.8222315587749786e-2 2.64585e-1 1.2175137775000481e-2
5.819397993311036e-1 5.90383e-1 1.697967331099959e-2 2.6334050000000003e-1 1.248195855974978e-2
5.852842809364549e-1 5.90593e-1 1.7619733350999884e-2 2.639875e-1 1.2415832343749971e-2
5.886287625418061e-1 5.94273e-1 1.7515316470999586e-2 2.646835e-1 1.2546307327749993e-2
5.919732441471572e-1 5.94414e-1 1.7838926603999678e-2 2.66283e-1 1.2918673910999783e-2
5.953177257525084e-1 5.950595e-1 1.7625573959750136e-2 2.65218e-1 1.290018247599966e-2
5.986622073578596e-1 5.998245e-1 1.628420169974959e-2 2.66575e-1 1.289377437499994e-2
6.020066889632107e-1 6.00453e-1 1.7238449790999935e-2 2.66587e-1 1.3078351431000095e-2
6.053511705685619e-1 6.02105e-1 1.6734913974999748e-2 2.68793e-1 1.296562315100025e-2
6.086956521739131e-1 6.020635e-1 1.7333834467750043e-2 2.685365e-1 1.350109566775046e-2
6.120401337792643e-1 6.02934e-1 1.7073186644000406e-2 2.6943249999999996e-1 1.3545545443749925e-2
6.153846153846154e-1 6.05212e-1 1.6192735055999913e-2 2.709875e-1 1.3283832343749823e-2
6.187290969899666e-1 6.08161e-1 1.6217048079e-2 2.6930350000000003e-1 1.3385502387749926e-2
6.220735785953178e-1 6.1006e-1 1.643679139999981e-2 2.695455e-1 1.33053309297498e-2
6.254180602006689e-1 6.106495000000001e-1 1.685871564974983e-2 2.7267399999999997e-1 1.3692919723999816e-2
6.287625418060201e-1 6.12011e-1 1.6141390878999847e-2 2.7206600000000003e-1 1.3853641644000334e-2
6.321070234113713e-1 6.15621e-1 1.592084935899991e-2 2.72828e-1 1.4221252415999874e-2
6.354515050167224e-1 6.1664e-1 1.5607450399999842e-2 2.714235e-1 1.4001196147749985e-2
6.387959866220736e-1 6.19458e-1 1.4582656236000207e-2 2.728285e-1 1.4195647087749716e-2
6.421404682274248e-1 6.189779999999999e-1 1.5386875515999878e-2 2.719045e-1 1.3882130379750338e-2
6.454849498327759e-1 6.21251e-1 1.5472804998999862e-2 2.7321850000000003e-1 1.4139693757750002e-2
6.488294314381271e-1 6.23446e-1 1.5271215083999949e-2 2.72347e-1 1.4004066590999599e-2
6.521739130434783e-1 6.281669999999999e-1 1.4390590110999904e-2 2.712115e-1 1.3970554767749645e-2
6.555183946488294e-1 6.25738e-1 1.525704535599976e-2 2.741985e-1 1.4304485097749998e-2
6.588628762541806e-1 6.26072e-1 1.5088910815999942e-2 2.75645e-1 1.4485673974999823e-2
6.622073578595318e-1 6.255285e-1 1.519200818774963e-2 2.731085e-1 1.4244964727749922e-2
6.655518394648829e-1 6.31775e-1 1.4135779374999692e-2 2.73978e-1 1.4905575516000056e-2
6.688963210702341e-1 6.319305e-1 1.368750566974992e-2 2.7179749999999997e-1 1.4332751493749813e-2
6.722408026755853e-1 6.31829e-1 1.4823119758999713e-2 2.75337e-1 1.4617416430999796e-2
6.755852842809364e-1 6.354605e-1 1.3629850439750265e-2 2.752265e-1 1.4174531197750168e-2
6.789297658862876e-1 6.378685000000001e-1 1.3740049207750415e-2 2.74253e-1 1.4375636991000374e-2
6.822742474916388e-1 6.382665e-1 1.3912817477749846e-2 2.751145e-1 1.4576229389749465e-2
6.8561872909699e-1 6.406175000000001e-1 1.2995846193750254e-2 2.74819e-1 1.480363723900013e-2
6.889632107023411e-1 6.431695000000001e-1 1.2918911769749871e-2 2.741885e-1 1.4239038967749855e-2
6.923076923076923e-1 6.45651e-1 1.2665761198999832e-2 2.73764e-1 1.4391997303999756e-2
6.956521739130435e-1 6.448465e-1 1.3421408937750212e-2 2.752635e-1 1.4680623067750287e-2
6.989966555183946e-1 6.457995e-1 1.2716918299750154e-2 2.753135e-1 1.4399759217750184e-2
7.023411371237458e-1 6.48269e-1 1.2461853639000271e-2 2.765015e-1 1.4462132997749734e-2
7.05685618729097e-1 6.514019999999999e-1 1.1735014395999891e-2 2.755885e-1 1.4651131167750001e-2
7.090301003344481e-1 6.5132e-1 1.2034927599999943e-2 2.76306e-1 1.4630064363999966e-2
7.123745819397993e-1 6.541830000000001e-1 1.240933751099968e-2 2.76888e-1 1.468264045599999e-2
7.157190635451505e-1 6.547709999999999e-1 1.24604925590003e-2 2.76235e-1 1.4456309775000304e-2
7.190635451505016e-1 6.568170000000001e-1 1.1431083510999878e-2 2.757865e-1 1.4388788917749782e-2
7.224080267558528e-1 6.57564e-1 1.271956090400035e-2 2.765165e-1 1.4337952727749612e-2
7.25752508361204e-1 6.602095e-1 1.119459360975003e-2 2.751155e-1 1.3843414159750168e-2
7.290969899665551e-1 6.631425e-1 1.0891017193749734e-2 2.76771e-1 1.4539458558999976e-2
7.324414715719063e-1 6.622105e-1 1.1163101189750295e-2 2.7504249999999997e-1 1.4080710693750217e-2
7.357859531772575e-1 6.64867e-1 1.1272022311000017e-2 2.7563150000000003e-1 1.4180123707750516e-2
7.391304347826086e-1 6.6715e-1 1.0822892499999924e-2 2.7497e-1 1.4042504099999477e-2
7.424749163879598e-1 6.655475e-1 1.1820297743750026e-2 2.76702e-1 1.4102073196000051e-2
7.45819397993311e-1 6.69591e-1 1.083329771900019e-2 2.75561e-1 1.3728540278999961e-2
7.491638795986622e-1 6.70633e-1 1.082799931100015e-2 2.776975e-1 1.4249755993750094e-2
7.525083612040134e-1 6.724865e-1 1.0322744817750187e-2 2.75892e-1 1.3736034336000265e-2
7.558528428093646e-1 6.75614e-1 9.55799300399957e-3 2.762755e-1 1.3538625599750312e-2
7.591973244147158e-1 6.76598e-1 9.632931395999971e-3 2.77034e-1 1.3841482844000183e-2
7.625418060200669e-1 6.772225000000001e-1 1.042109299374974e-2 2.7676649999999997e-1 1.3714966977749658e-2
7.658862876254181e-1 6.809350000000001e-1 9.602670775000053e-3 2.7700800000000003e-1 1.3851092936000538e-2
7.692307692307693e-1 6.814945e-1 8.65804896974993e-3 2.76694e-1 1.3323670363999895e-2
7.725752508361204e-1 6.811125e-1 9.575209843749993e-3 2.77443e-1 1.3590636750999996e-2
7.759197324414716e-1 6.839704999999999e-1 9.66051262974984e-3 2.78081e-1 1.3389857439000235e-2
7.792642140468228e-1 6.86793e-1 9.054130150999843e-3 2.76539e-1 1.3209546479000321e-2
7.82608695652174e-1 6.885665e-1 8.426917577749778e-3 2.7660599999999996e-1 1.2615855763999439e-2
7.859531772575251e-1 6.920575e-1 8.674219193749796e-3 2.75261e-1 1.2263181879000029e-2
7.892976588628763e-1 6.933450000000001e-1 8.051935975000023e-3 2.77558e-1 1.295396663600018e-2
7.926421404682275e-1 6.944929999999999e-1 7.97222295099978e-3 2.766015e-1 1.2400742697749809e-2
7.959866220735786e-1 6.970475e-1 7.691370243749918e-3 2.7525e-1 1.2132137499999949e-2
7.993311036789298e-1 6.979420000000001e-1 8.08788963599996e-3 2.75258e-1 1.2029523435999855e-2
8.02675585284281e-1 6.990959999999999e-1 7.897397783999907e-3 2.77636e-1 1.2452226504000095e-2
8.060200668896321e-1 7.010985e-1 7.488330797749999e-3 2.78051e-1 1.2149751398999643e-2
8.093645484949833e-1 7.037635e-1 7.629138567749888e-3 2.766575e-1 1.198789519374989e-2
8.127090301003345e-1 7.052605e-1 7.5084496397500086e-3 2.759185e-1 1.15193988577501e-2
8.160535117056856e-1 7.06901e-1 7.718576198999868e-3 2.784765e-1 1.2243731447750136e-2
8.193979933110368e-1 7.100369999999999e-1 7.198578631000195e-3 2.774005e-1 1.2136730099749483e-2
8.22742474916388e-1 7.11577e-1 6.9160130709999025e-3 2.74621e-1 1.0970256359000116e-2
8.260869565217391e-1 7.128805e-1 6.930340219749907e-3 2.779275e-1 1.1303122243750397e-2
8.294314381270903e-1 7.150230000000001e-1 7.026599471000089e-3 2.75857e-1 1.1345050551000309e-2
8.327759197324415e-1 7.171905e-1 7.427129209749749e-3 2.776385e-1 1.0986300817750138e-2
8.361204013377926e-1 7.207224999999999e-1 6.097675493749887e-3 2.78466e-1 1.1288671843999981e-2
8.394648829431438e-1 7.216615000000001e-1 6.391391917749808e-3 2.788275e-1 1.088914774375001e-2
8.42809364548495e-1 7.24876e-1 6.296724624000369e-3 2.75878e-1 1.0463249116000035e-2
8.461538461538461e-1 7.252155e-1 6.1665460597500115e-3 2.773055e-1 1.0495087169750027e-2
8.494983277591973e-1 7.293054999999999e-1 5.753350169750183e-3 2.7843450000000003e-1 1.0496356709750021e-2
8.528428093645485e-1 7.302649999999999e-1 5.802019774999968e-3 2.78625e-1 1.0556209375000283e-2
8.561872909698997e-1 7.32725e-1 5.446034374999965e-3 2.7929950000000003e-1 1.067955679974962e-2
8.595317725752508e-1 7.346775e-1 5.608883493749878e-3 2.77546e-1 1.0031847883999908e-2
8.62876254180602e-1 7.389709999999999e-1 5.358056158999999e-3 2.794605e-1 1.0086186439750148e-2
8.662207357859532e-1 7.38946e-1 5.181759084000097e-3 2.808175e-1 1.0313089193749831e-2
8.695652173913043e-1 7.402124999999999e-1 5.3429873437499855e-3 2.7899799999999997e-1 9.91176099599991e-3
8.729096989966555e-1 7.439145e-1 5.0051691897500545e-3 2.800645e-1 1.0147988339750032e-2
8.762541806020067e-1 7.45727e-1 5.363161471000127e-3 2.79337e-1 9.558750430999784e-3
8.795986622073578e-1 7.476625e-1 4.76235859374987e-3 2.797385e-1 9.346709117749841e-3
8.82943143812709e-1 7.50175e-1 4.166109375000023e-3 2.81839e-1 9.37428307899991e-3
8.862876254180602e-1 7.527385e-1 4.223683117749887e-3 2.8092500000000004e-1 9.304279374999832e-3
8.896321070234113e-1 7.535295000000001e-1 4.35985512975012e-3 2.8112e-1 8.914010600000348e-3
8.929765886287625e-1 7.552235e-1 4.619652547750126e-3 2.800335e-1 8.510311377749841e-3
8.963210702341137e-1 7.596485e-1 3.7764889477500453e-3 2.817575e-1 8.740148693749748e-3
8.996655518394648e-1 7.591979999999999e-1 4.251631795999958e-3 2.82052e-1 9.073019295999893e-3
9.03010033444816e-1 7.629425000000001e-1 4.004894193750061e-3 2.819665e-1 8.476660377750056e-3
9.063545150501672e-1 7.651485e-1 3.703685447749988e-3 2.81713e-1 8.294845630999779e-3
9.096989966555183e-1 7.668965e-1 3.71540078774994e-3 2.81558e-1 8.026462635999973e-3
9.130434782608695e-1 7.69534e-1 3.6192378439999255e-3 2.8217749999999997e-1 8.44452099375e-3
9.163879598662207e-1 7.715040000000001e-1 3.544307983999925e-3 2.824875e-1 8.291439843749837e-3
9.19732441471572e-1 7.740025e-1 3.309557493750185e-3 2.8161549999999996e-1 7.7423026597500996e-3
9.230769230769231e-1 7.76525e-1 3.2003693749998617e-3 2.851415e-1 8.219892477749974e-3
9.264214046822743e-1 7.780575000000001e-1 3.1864091937500584e-3 2.848065e-1 8.10430505774984e-3
9.297658862876255e-1 7.80034e-1 3.0198838440000093e-3 2.83886e-1 7.889814004000082e-3
9.331103678929766e-1 7.826095e-1 3.1648430097500286e-3 2.84022e-1 7.412303515999918e-3
9.364548494983278e-1 7.845515000000001e-1 2.9001463477500043e-3 2.856065e-1 7.634399657749908e-3
9.39799331103679e-1 7.864475e-1 2.848822243749965e-3 2.8399e-1 7.144294899999906e-3
9.431438127090301e-1 7.880769999999999e-1 2.770112071000077e-3 2.8443850000000004e-1 7.135037217750066e-3
9.464882943143813e-1 7.899225e-1 2.7487664937499824e-3 2.841955e-1 6.7309202797500535e-3
9.498327759197325e-1 7.92419e-1 2.633713439000004e-3 2.843445e-1 6.9569078197498566e-3
9.531772575250836e-1 7.940605e-1 2.6850848397499674e-3 2.86891e-1 6.9543691189999195e-3
9.565217391304348e-1 7.960729999999999e-1 2.76927367099987e-3 2.863205e-1 6.87197377975003e-3
9.59866220735786e-1 7.98275e-1 2.4141693749999875e-3 2.86919e-1 7.058737439000097e-3
9.632107023411371e-1 8.017340000000001e-1 2.1122632439999345e-3 2.8775300000000004e-1 6.866355990999942e-3
9.665551839464883e-1 8.035975000000001e-1 2.2713354937498984e-3 2.8837e-1 6.731848100000208e-3
9.698996655518395e-1 8.050790000000001e-1 2.2000737589998637e-3 2.88897e-1 6.541268390999793e-3
9.732441471571907e-1 8.07122e-1 2.2441921159999365e-3 2.88336e-1 6.5552811040002126e-3
9.765886287625418e-1 8.09424e-1 2.020888223999989e-3 2.89964e-1 6.582093704000039e-3
9.79933110367893e-1 8.103885e-1 2.0587865677500956e-3 2.906825e-1 6.643536693750049e-3
9.832775919732442e-1 8.12997e-1 1.8273429910000104e-3 2.9089349999999997e-1 6.396234157750033e-3
9.866220735785953e-1 8.143455e-1 2.1360291297498994e-3 2.917535e-1 6.422817737750016e-3
9.899665551839465e-1 8.168479999999999e-1 1.7710448959999741e-3 2.9175249999999997e-1 6.207831243750064e-3
9.933110367892977e-1 8.187305e-1 1.768320869749951e-3 2.914395e-1 6.257705339750136e-3
9.966555183946488e-1 8.20333e-1 1.7813891109999958e-3 2.9211e-1 6.216742899999708e-3
1e0 8.221299999999999e-1 1.7602481000000743e-3 2.9299800000000004e-1 6.139146996000179e-3
