#{"compare_nolock":true,"fraction":true,"graph_seed":875629289,"graph_type":{"Barabasi":[5,100]},"lambda_range":{"end":1.0,"start":0.05,"steps":200},"lock_thresh":0.1,"lockdown":"CircuitBreaker","measure":"C","recovery_prob":0.14,"rel_thresh":0.05,"samples_per_step":500,"sir_seed":1489264107025,"system_size":1000}
#lambda meanWL varianceWL meanNL varianceNL
5e-2 2.6903e-1 3.326602110000001e-2 6.03894e-1 1.4167975476399974e-1
5.477386934673367e-2 2.97586e-1 3.234461060399997e-2 6.13924e-1 1.5080608622400013e-1
5.954773869346734e-2 3.1638e-1 3.1526127599999954e-2 6.59532e-1 1.447850169760003e-1
6.432160804020101e-2 3.3575e-1 2.9717151500000066e-2 7.10778e-1 1.3253446471599994e-1
6.909547738693467e-2 3.34798e-1 3.3493225196000044e-2 7.27346e-1 1.337337342840002e-1
7.386934673366835e-2 3.3874200000000004e-1 3.4468399436000045e-2 7.5088e-1 1.2863062960000002e-1
7.8643216080402e-2 3.6881200000000003e-1 3.0845808656000066e-2 7.4074e-1 1.4207994040000024e-1
8.341708542713568e-2 3.7670600000000004e-1 3.115804756400003e-2 7.86602e-1 1.2118437959600006e-1
8.819095477386935e-2 3.83884e-1 3.007012254399996e-2 7.91212e-1 1.244030830559999e-1
9.296482412060302e-2 3.8674400000000003e-1 3.099133846399994e-2 8.00212e-1 1.2356883505599996e-1
9.773869346733668e-2 3.89868e-1 2.9267858576000037e-2 8.299719999999999e-1 1.0823640721599993e-1
1.0251256281407035e-1 4.05186e-1 2.540257140399995e-2 8.35858e-1 1.0787926583599995e-1
1.0728643216080402e-1 4.10998e-1 2.481344999599999e-2 8.352240000000001e-1 1.1146381382399996e-1
1.120603015075377e-1 4.1208e-1 2.3979037599999968e-2 8.57854e-1 9.827291668400005e-2
1.1683417085427135e-1 4.12992e-1 2.659796793599999e-2 8.74558e-1 8.86099266359999e-2
1.2160804020100502e-1 4.29802e-1 2.3022534796e-2 8.7662e-1 8.901664359999986e-2
1.263819095477387e-1 4.4017e-1 1.8495141099999984e-2 8.825040000000001e-1 8.636686998400019e-2
1.3115577889447236e-1 4.52296e-1 1.6171392383999998e-2 9.12218e-1 6.444571047600008e-2
1.35929648241206e-1 4.43356e-1 2.136873726399999e-2 9.13946e-1 6.468240308399999e-2
1.407035175879397e-1 4.50596e-1 2.158733678400003e-2 8.97174e-1 7.944359572399995e-2
1.4547738693467338e-1 4.5077999999999996e-1 2.2143271599999972e-2 9.00848e-1 7.8135072896e-2
1.5025125628140704e-1 4.6763e-1 1.9596057099999998e-2 8.99744e-1 7.989924246400008e-2
1.550251256281407e-1 4.8131e-1 1.6038037900000017e-2 9.08926e-1 7.364353252399998e-2
1.5979899497487438e-1 4.81516e-1 1.7650653744000017e-2 9.25608e-1 6.041601033600002e-2
1.6457286432160803e-1 4.9581000000000003e-1 1.3096273900000009e-2 9.14586e-1 7.0611638604e-2
1.693467336683417e-1 4.9548200000000003e-1 1.7040381675999975e-2 9.410940000000001e-1 4.84746691639999e-2
1.7412060301507537e-1 4.89608e-1 2.1670182336000036e-2 9.259539999999999e-1 6.242926788400005e-2
1.7889447236180905e-1 4.9980399999999997e-1 2.0124557584e-2 9.30246e-1 5.904733348400028e-2
1.8366834170854268e-1 5.09982e-1 1.7695961675999988e-2 9.366380000000001e-1 5.38992829560001e-2
1.8844221105527637e-1 5.15224e-1 1.729987782400001e-2 9.39252e-1 5.22278124959999e-2
1.9321608040201005e-1 5.241319999999999e-1 1.4897042575999999e-2 9.51532e-1 4.157749697599995e-2
1.9798994974874373e-1 5.221939999999999e-1 2.0113084364000017e-2 9.51994e-1 4.1629285964000146e-2
2.0276381909547736e-1 5.39026e-1 1.445028532399999e-2 9.44254e-1 4.8799761484000004e-2
2.0753768844221104e-1 5.379640000000001e-1 1.7001250704e-2 9.58452e-1 3.621140369600019e-2
2.1231155778894473e-1 5.498719999999999e-1 1.5996615616000007e-2 9.43048e-1 5.066134969599984e-2
2.170854271356784e-1 5.57504e-1 1.337015398400001e-2 9.59068e-1 3.625662737599998e-2
2.2185929648241204e-1 5.652780000000001e-1 1.3391944716000005e-2 9.5938e-1 3.6284167600000035e-2
2.2663316582914572e-1 5.65552e-1 1.5068431295999976e-2 9.6154e-1 3.445797239999999e-2
2.314070351758794e-1 5.64468e-1 1.7406652976e-2 9.59564e-1 3.6293793903999935e-2
2.3618090452261303e-1 5.827619999999999e-1 1.3698717356000005e-2 9.578099999999999e-1 3.8147377899999925e-2
2.4095477386934672e-1 5.896979999999999e-1 1.3137822796000008e-2 9.55966e-1 3.997982884399999e-2
2.457286432160804e-1 5.98102e-1 1.0071607596000001e-2 9.64142e-1 3.2651477836000024e-2
2.505025125628141e-1 5.8389e-1 2.011643789999998e-2 9.642580000000001e-1 3.265528343600007e-2
2.552763819095477e-1 6.0272e-1 1.0507729599999993e-2 9.64284e-1 3.266087934400001e-2
2.600502512562814e-1 6.080420000000001e-1 1.0569012235999993e-2 9.70406e-1 2.7072249164000035e-2
2.648241206030151e-1 6.10202e-1 1.6479773195999987e-2 9.76546e-1 2.1409371883999915e-2
2.6959798994974876e-1 6.155499999999999e-1 1.489364350000001e-2 9.6262e-1 3.453390759999997e-2
2.743718592964824e-1 6.1417e-1 1.4694501099999986e-2 9.72678e-1 2.520450231599996e-2
2.791457286432161e-1 6.294420000000001e-1 1.162537863599999e-2 9.70718e-1 2.7089398476000167e-2
2.8391959798994976e-1 6.412340000000001e-1 1.0413527243999998e-2 9.8077e-1 1.7592697099999978e-2
2.886934673366834e-1 6.361359999999999e-1 1.1572701504000001e-2 9.76798e-1 2.141612119600006e-2
2.9346733668341707e-1 6.439239999999999e-1 1.0380146224e-2 9.869199999999999e-1 1.1806953600000008e-2
2.9824120603015075e-1 6.453479999999999e-1 1.3716694895999998e-2 9.868899999999999e-1 1.1806193900000022e-2
3.030150753768844e-1 6.48634e-1 1.0609468044000002e-2 9.789640000000001e-1 1.9511502704000122e-2
3.0778894472361806e-1 6.50328e-1 1.2585836416000043e-2 9.81028e-1 1.7605859215999956e-2
3.125628140703517e-1 6.54808e-1 1.542719513600001e-2 9.830359999999999e-1 1.568179070399991e-2
3.173366834170854e-1 6.605e-1 1.1103654e-2 9.79144e-1 1.9526407263999946e-2
3.221105527638191e-1 6.638780000000001e-1 1.2132587115999982e-2 9.83118e-1 1.56844720760001e-2
3.2688442211055274e-1 6.75858e-1 8.717569836e-3 9.87124e-1 1.1811608624000014e-2
3.316582914572864e-1 6.800080000000001e-1 7.006839935999989e-3 9.81164e-1 1.7610473104000053e-2
3.3643216080402005e-1 6.819740000000001e-1 9.891641323999998e-3 9.89184e-1 9.864198144000068e-3
3.4120603015075374e-1 6.785140000000001e-1 1.1923637803999984e-2 9.87206e-1 1.181342356399998e-2
3.459798994974874e-1 6.834600000000001e-1 1.1241480400000024e-2 9.8124e-1 1.761318640000001e-2
3.5075376884422105e-1 6.850620000000001e-1 1.285901015599999e-2 9.95214e-1 3.97024820399997e-3
3.5552763819095473e-1 6.96172e-1 1.1771774415999985e-2 9.952960000000001e-1 3.970808384000003e-3
3.603015075376884e-1 6.9608e-1 1.0748461599999988e-2 9.93304e-1 5.944095583999998e-3
3.650753768844221e-1 7.01648e-1 1.0129812095999998e-2 9.95326e-1 3.97104772400001e-3
3.698492462311558e-1 7.060879999999999e-1 1.1547608256e-2 9.81324e-1 1.761611102399997e-2
3.746231155778894e-1 7.10486e-1 6.747261804000004e-3 9.9129e-1 7.909021900000004e-3
3.793969849246231e-1 7.1015e-1 1.0368615500000003e-2 9.87336e-1 1.1816459103999862e-2
3.841708542713568e-1 7.20236e-1 6.424792303999996e-3 9.85376e-1 1.3758942623999995e-2
3.889447236180904e-1 7.1524e-1 8.6622664e-3 9.9138e-1 7.910447600000006e-3
3.937185929648241e-1 7.191620000000001e-1 1.010465975600001e-2 9.95328e-1 3.9709844160000065e-3
3.984924623115577e-1 7.17946e-1 1.0881119083999994e-2 9.91352e-1 7.909980095999938e-3
4.0326633165829145e-1 7.17502e-1 8.86931799599999e-3 9.93374e-1 5.944850124000049e-3
4.0804020100502514e-1 7.214579999999999e-1 8.051980235999998e-3 9.933540000000001e-1 5.94457668400001e-3
4.1281407035175877e-1 7.21798e-1 7.088453196000003e-3 9.85404e-1 1.375567278399999e-2
4.1758793969849245e-1 7.1996e-1 9.182426400000006e-3 9.85442e-1 1.3760678635999926e-2
4.223618090452261e-1 7.17692e-1 8.987365136e-3 9.89384e-1 9.863972543999996e-3
4.2713567839195976e-1 7.16226e-1 1.1175118924000001e-2 9.893540000000001e-1 9.86740468400002e-3
4.3190954773869344e-1 7.20976e-1 4.9128154239999975e-3 9.91402e-1 7.91071639599999e-3
4.366834170854271e-1 7.267e-1 1.0719078000000003e-2 9.97366e-1 1.9897320439999948e-3
4.4145728643216076e-1 7.231000000000001e-1 6.0542540000000054e-3 9.934e-1 5.9451200000000025e-3
4.4623115577889444e-1 7.243440000000001e-1 9.128517664000009e-3 9.973920000000001e-1 1.9898423360000116e-3
4.510050251256281e-1 7.26044e-1 5.964022063999999e-3 9.993200000000001e-1 2.7359999999999933e-7
4.557788944723618e-1 7.20382e-1 8.083372075999998e-3 9.97332e-1 1.9896217759999882e-3
4.6055276381909543e-1 7.25286e-1 7.110436203999997e-3 9.93352e-1 5.944504095999993e-3
4.653266331658291e-1 7.26682e-1 5.820376875999997e-3 9.9338e-1 5.944831600000005e-3
4.701005025125628e-1 7.32368e-1 6.312612576000008e-3 9.93366e-1 5.94466004400002e-3
4.7487437185929643e-1 7.28136e-1 5.959765504000002e-3 9.913379999999999e-1 7.909667755999956e-3
4.796482412060301e-1 7.27348e-1 7.792218896e-3 9.95394e-1 3.971414763999962e-3
4.844221105527638e-1 7.323e-1 7.614781999999994e-3 9.95348e-1 3.9710428960000035e-3
4.891959798994975e-1 7.35634e-1 4.9542600439999975e-3 9.97346e-1 1.989654283999995e-3
4.9396984924623116e-1 7.38484e-1 7.729857743999993e-3 9.99374e-1 2.461239999999995e-7
4.987437185929648e-1 7.36254e-1 7.4652014839999975e-3 9.993479999999999e-1 2.3489599999999874e-7
5.035175879396985e-1 7.39876e-1 5.506148623999997e-3 9.993500000000001e-1 2.474999999999988e-7
5.082914572864321e-1 7.39842e-1 5.519061035999997e-3 9.95346e-1 3.971022283999993e-3
5.130653266331658e-1 7.39872e-1 6.815695615999996e-3 9.99342e-1 2.370359999999999e-7
5.178391959798995e-1 7.399600000000001e-1 6.781222399999992e-3 9.9736e-1 1.989678400000018e-3
5.226130653266331e-1 7.43738e-1 6.1149173559999995e-3 9.953500000000001e-1 3.971043500000023e-3
5.273869346733668e-1 7.4627e-1 5.887545099999997e-3 9.9938e-1 2.356000000000005e-7
5.321608040201005e-1 7.340679999999999e-1 6.459931375999994e-3 9.9536e-1 3.971134400000004e-3
5.369346733668342e-1 7.533920000000001e-1 6.792786335999999e-3 9.9739e-1 1.9898138999999877e-3
5.417085427135678e-1 7.5051e-1 6.696261900000007e-3 9.93358e-1 5.9445458360000095e-3
5.464824120603016e-1 7.413379999999999e-1 1.2019939755999992e-2 9.97374e-1 1.989742124000011e-3
5.512562814070352e-1 7.50304e-1 6.742715584000004e-3 9.973500000000001e-1 1.9896314999999967e-3
5.560301507537688e-1 7.479779999999999e-1 7.95564951599999e-3 9.97362e-1 1.989690956000002e-3
5.608040201005026e-1 7.50656e-1 6.805461663999999e-3 9.99352e-1 2.3609600000000172e-7
5.655778894472362e-1 7.480439999999999e-1 6.495186064000003e-3 9.973339999999999e-1 1.9895784440000014e-3
5.703517587939699e-1 7.54002e-1 6.656377995999997e-3 9.97366e-1 1.9897080439999913e-3
5.751256281407034e-1 7.526280000000001e-1 7.2196696160000025e-3 9.99386e-1 2.3700400000000153e-7
5.798994974874372e-1 7.567119999999999e-1 8.650621055999997e-3 9.99366e-1 2.320439999999991e-7
5.846733668341708e-1 7.57634e-1 7.302760044000016e-3 9.973540000000001e-1 1.9896646839999933e-3
5.894472361809046e-1 7.65512e-1 8.033109856000009e-3 9.9936e-1 2.3039999999999836e-7
5.942211055276383e-1 7.61596e-1 8.790044784000016e-3 9.99386e-1 2.370040000000016e-7
5.989949748743718e-1 7.57914e-1 7.308894603999992e-3 9.95362e-1 3.971138956000003e-3
6.037688442211055e-1 7.5828e-1 7.284521600000011e-3 9.993540000000001e-1 2.3268399999999968e-7
6.085427135678392e-1 7.555320000000001e-1 7.571148976000002e-3 9.9537e-1 3.971209100000016e-3
6.133165829145729e-1 7.5983e-1 9.065261100000005e-3 9.99344e-1 2.2566400000000297e-7
6.180904522613065e-1 7.5726e-1 8.57887640000001e-3 9.97358e-1 1.989669835999995e-3
6.228643216080402e-1 7.577119999999999e-1 8.979037056000004e-3 9.993479999999999e-1 2.2689599999999878e-7
6.276381909547739e-1 7.64206e-1 7.851831564000003e-3 9.99346e-1 2.2628400000000065e-7
6.324120603015075e-1 7.6516e-1 7.4586264000000065e-3 9.99336e-1 2.2310399999999996e-7
6.371859296482413e-1 7.54794e-1 7.0568755639999975e-3 9.993139999999999e-1 2.1540399999999874e-7
6.419597989949749e-1 7.66276e-1 7.667299824000009e-3 9.993500000000001e-1 2.274999999999986e-7
6.467336683417086e-1 7.580399999999999e-1 6.996178400000003e-3 9.99338e-1 2.2375600000000022e-7
6.515075376884422e-1 7.55024e-1 6.65649942400001e-3 9.99308e-1 2.1313599999999898e-7
6.562814070351759e-1 7.59482e-1 7.357365675999989e-3 9.97358e-1 1.9896698359999775e-3
6.610552763819095e-1 7.62478e-1 7.488509516000006e-3 9.993179999999999e-1 2.16876000000002e-7
6.658291457286433e-1 7.57512e-1 6.666801855999999e-3 9.97368e-1 1.989708576000003e-3
6.706030150753769e-1 7.61184e-1 7.270194144000002e-3 9.993179999999999e-1 2.2087600000000198e-7
6.753768844221105e-1 7.5746e-1 7.519656400000005e-3 9.993099999999999e-1 2.1389999999999966e-7
6.801507537688443e-1 7.53788e-1 5.622467055999997e-3 9.992859999999999e-1 2.042039999999994e-7
6.849246231155779e-1 7.511639999999999e-1 5.7831891040000015e-3 9.99316e-1 2.161440000000025e-7
6.896984924623116e-1 7.55802e-1 5.868666795999993e-3 9.993099999999999e-1 2.139e-7
6.944723618090453e-1 7.65342e-1 6.444353035999998e-3 9.99328e-1 2.2441600000000224e-7
6.992462311557789e-1 7.591979999999999e-1 5.947998795999996e-3 9.99298e-1 2.091960000000005e-7
7.040201005025125e-1 7.51872e-1 5.327531615999992e-3 9.99322e-1 2.183159999999993e-7
7.087939698492463e-1 7.54818e-1 5.4795088759999975e-3 9.993139999999999e-1 2.1540399999999864e-7
7.1356783919598e-1 7.577659999999999e-1 5.313459244000004e-3 9.99282e-1 2.0247600000000166e-7
7.183417085427136e-1 7.53108e-1 4.931296336000001e-3 9.972859999999999e-1 1.9893562040000107e-3
7.231155778894472e-1 7.51792e-1 5.7849447359999955e-3 9.9927e-1 1.970999999999988e-7
7.278894472361809e-1 7.56802e-1 5.208334795999996e-3 9.992759999999999e-1 1.9982399999999963e-7
7.326633165829146e-1 7.51066e-1 4.3998896440000015e-3 9.9929e-1 2.0589999999999898e-7
7.374371859296482e-1 7.53586e-1 3.814066604e-3 9.9928e-1 2.0159999999999966e-7
7.42211055276382e-1 7.484500000000001e-1 3.5984275000000023e-3 9.99316e-1 2.1614400000000252e-7
7.469849246231155e-1 7.60634e-1 4.385204044000001e-3 9.99278e-1 2.007159999999991e-7
7.517587939698492e-1 7.5681e-1 3.7179379000000044e-3 9.99262e-1 1.9335600000000019e-7
7.56532663316583e-1 7.49706e-1 3.5172955639999975e-3 9.99308e-1 2.1313599999999895e-7
7.613065326633166e-1 7.46918e-1 2.906451276000006e-3 9.992519999999999e-1 1.884959999999991e-7
7.660804020100503e-1 7.54754e-1 3.338313483999999e-3 9.9927e-1 1.970999999999988e-7
7.708542713567839e-1 7.45932e-1 2.7765273760000037e-3 9.99246e-1 1.854840000000006e-7
7.756281407035176e-1 7.535040000000001e-1 2.8994499840000036e-3 9.992559999999999e-1 1.9046400000000106e-7
7.804020100502512e-1 7.529560000000001e-1 3.2605820639999973e-3 9.99266e-1 1.9524399999999889e-7
7.85175879396985e-1 7.53186e-1 2.7476274039999996e-3 9.99246e-1 1.854840000000001e-7
7.899497487437186e-1 7.54552e-1 2.8899072960000016e-3 9.992300000000001e-1 1.7709999999999912e-7
7.947236180904522e-1 7.510180000000001e-1 2.722025675999999e-3 9.99268e-1 1.9617600000000076e-7
7.99497487437186e-1 7.53272e-1 2.6485420160000045e-3 9.992580000000001e-1 1.9143599999999925e-7
8.042713567839196e-1 7.50674e-1 2.535483724000003e-3 9.99268e-1 1.9617600000000076e-7
8.090452261306533e-1 7.578039999999999e-1 2.8788455840000017e-3 9.99232e-1 1.781760000000007e-7
8.13819095477387e-1 7.530399999999999e-1 2.328482400000001e-3 9.9925e-1 1.874999999999997e-7
8.185929648241206e-1 7.488859999999999e-1 2.3113730039999976e-3 9.9925e-1 1.8749999999999953e-7
8.233668341708542e-1 7.50758e-1 2.1975474360000006e-3 9.99266e-1 1.952439999999989e-7
8.28140703517588e-1 7.54534e-1 2.2394048439999988e-3 9.99278e-1 2.0071599999999914e-7
8.329145728643216e-1 7.540399999999999e-1 2.0713223999999975e-3 9.99244e-1 1.844639999999999e-7
8.376884422110553e-1 7.517780000000001e-1 2.2250687159999995e-3 9.992580000000001e-1 1.9143599999999936e-7
8.42462311557789e-1 7.54064e-1 2.0648079039999982e-3 9.9924e-1 1.8240000000000018e-7
8.472361809045226e-1 7.5213e-1 2.1286691000000015e-3 9.992380000000001e-1 1.8135599999999923e-7
8.520100502512563e-1 7.5322e-1 2.1436476e-3 9.992859999999999e-1 2.0420399999999957e-7
8.567839195979899e-1 7.5489e-1 2.1299699000000036e-3 9.992519999999999e-1 1.884959999999989e-7
8.615577889447237e-1 7.56792e-1 2.2892047359999975e-3 9.99254e-1 1.8948400000000138e-7
8.663316582914572e-1 7.53206e-1 2.133919564000001e-3 9.9925e-1 1.874999999999997e-7
8.711055276381909e-1 7.56512e-1 2.2890498559999983e-3 9.99284e-1 2.0334399999999944e-7
8.758793969849247e-1 7.55914e-1 2.0644666040000007e-3 9.9924e-1 1.8240000000000042e-7
8.806532663316583e-1 7.58608e-1 2.3489863360000016e-3 9.992380000000001e-1 1.8135599999999947e-7
8.85427135678392e-1 7.56992e-1 2.272083936000002e-3 9.9925e-1 1.874999999999997e-7
8.902010050251257e-1 7.56298e-1 2.2198931960000006e-3 9.99244e-1 1.8446400000000006e-7
8.949748743718593e-1 7.59488e-1 2.325565856000001e-3 9.99262e-1 1.9335600000000032e-7
8.997487437185929e-1 7.61562e-1 2.4931941559999996e-3 9.99248e-1 1.8649600000000064e-7
9.045226130653267e-1 7.586839999999999e-1 2.434708143999999e-3 9.992300000000001e-1 1.770999999999991e-7
9.092964824120603e-1 7.629e-1 2.5437260000000005e-3 9.99242e-1 1.8343600000000058e-7
9.14070351758794e-1 7.58996e-1 2.116463984e-3 9.99298e-1 2.091960000000004e-7
9.188442211055277e-1 7.588339999999999e-1 2.3389104439999996e-3 9.992519999999999e-1 1.8849599999999896e-7
9.236180904522613e-1 7.59668e-1 2.3572137760000007e-3 9.99298e-1 2.0919600000000047e-7
9.28391959798995e-1 7.579199999999999e-1 2.3740655999999988e-3 9.9925e-1 1.874999999999995e-7
9.331658291457287e-1 7.58634e-1 2.270420044000002e-3 9.99246e-1 1.8548400000000063e-7
9.379396984924624e-1 7.62452e-1 2.1051236960000002e-3 9.99262e-1 1.9335600000000027e-7
9.427135678391959e-1 7.62264e-1 2.507790304e-3 9.99254e-1 1.894840000000014e-7
9.474874371859296e-1 7.619940000000001e-1 2.5734539639999956e-3 9.99274e-1 1.9892399999999994e-7
9.522613065326633e-1 7.62428e-1 2.4896568160000035e-3 9.99274e-1 1.9892400000000004e-7
9.57035175879397e-1 7.57958e-1 2.3243722360000003e-3 9.992519999999999e-1 1.884959999999993e-7
9.618090452261308e-1 7.638039999999999e-1 2.4907175840000006e-3 9.992559999999999e-1 1.9046400000000093e-7
9.665829145728643e-1 7.610439999999999e-1 2.308750063999999e-3 9.99274e-1 1.989240000000001e-7
9.71356783919598e-1 7.62028e-1 2.405359216e-3 9.992380000000001e-1 1.8135599999999963e-7
9.761306532663316e-1 7.6415e-1 2.514531500000001e-3 9.992559999999999e-1 1.9046400000000064e-7
9.809045226130654e-1 7.61e-1 2.4006280000000023e-3 9.9927e-1 1.9709999999999887e-7
9.85678391959799e-1 7.64534e-1 2.5222648440000055e-3 9.99272e-1 1.9801599999999967e-7
9.904522613065326e-1 7.637e-1 2.686297999999998e-3 9.99248e-1 1.864960000000008e-7
9.952261306532663e-1 7.65872e-1 2.478431616e-3 9.99266e-1 1.952439999999989e-7
1e0 7.659320000000001e-1 2.4128673760000015e-3 9.992759999999999e-1 1.998239999999997e-7
