#{"compare_nolock":true,"fraction":true,"graph_seed":875629289,"graph_type":{"Barabasi":[3,100]},"lambda_range":{"end":1.0,"start":0.0,"steps":500},"lock_thresh":0.1,"lockdown":{"Random":[123131315,0.9]},"measure":"C","recovery_prob":0.14,"rel_thresh":0.05,"samples_per_step":5000,"sir_seed":1489264107025,"system_size":1000}
#lambda meanWL varianceWL meanNL varianceNL
0e0 1e-3 0e0 1e-3 0e0
2.004008016032064e-3 4.1764e-3 2.0932688304000827e-4 4.1764e-3 2.0932688304000827e-4
4.008016032064128e-3 1.839e-2 2.383703499999939e-3 1.839e-2 2.383703499999939e-3
6.012024048096192e-3 3.2766800000000006e-2 5.185384817759893e-3 3.27558e-2 5.183662566359837e-3
8.016032064128256e-3 4.26014e-2 7.508888118039906e-3 5.1047600000000005e-2 1.0134668134239884e-2
1.002004008016032e-2 5.46226e-2 9.488898169239464e-3 7.778159999999999e-2 2.112942870144027e-2
1.2024048096192385e-2 6.16568e-2 1.0759403813759554e-2 1.029798e-1 3.210171939195952e-2
1.4028056112224449e-2 7.38312e-2 1.2876354706560516e-2 1.303868e-1 4.244494878575823e-2
1.603206412825651e-2 8.3798e-2 1.4746138796000096e-2 1.557162e-1 5.233671165756136e-2
1.8036072144288578e-2 9.24252e-2 1.642548080496039e-2 1.8021700000000002e-1 6.270089951100143e-2
2.004008016032064e-2 1.018458e-1 1.8080679222360486e-2 1.99201e-1 7.160806499900217e-2
2.2044088176352707e-2 1.097572e-1 1.970671944816048e-2 2.238876e-1 8.176006616624189e-2
2.404809619238477e-2 1.184458e-1 2.110872666235935e-2 2.497044e-1 9.178846462064386e-2
2.6052104208416832e-2 1.269178e-1 2.2554579443161124e-2 2.766562e-1 1.0158681480155717e-1
2.8056112224448898e-2 1.3509200000000002e-1 2.3660281936001122e-2 2.9292720000000005e-1 1.0979827230016083e-1
3.006012024048096e-2 1.43996e-1 2.4867607184001123e-2 3.066612e-1 1.1764663761456229e-1
3.206412825651302e-2 1.553178e-1 2.615526360315874e-2 3.315596e-1 1.2598360004783807e-1
3.406813627254509e-2 1.563778e-1 2.728173866716091e-2 3.528938e-1 1.3421554172156067e-1
3.6072144288577156e-2 1.696404e-1 2.8446841887839316e-2 3.74847e-1 1.4083384759099943e-1
3.807615230460922e-2 1.808548e-1 2.9467396516960714e-2 3.912778e-1 1.4724123382716034e-1
4.008016032064128e-2 1.816712e-1 3.0550128690559012e-2 4.1012380000000004e-1 1.5248639127355765e-1
4.208416833667335e-2 1.8565e-1 3.135151869999955e-2 4.24699e-1 1.571071639990065e-1
4.408817635270541e-2 1.990186e-1 3.1607340654039834e-2 4.497354e-1 1.6083433578684717e-1
4.609218436873747e-2 2.0147479999999998e-1 3.214439776495988e-2 4.7072e-1 1.6338204319999922e-1
4.809619238476954e-2 2.0859119999999998e-1 3.280075928255861e-2 4.792064e-1 1.6779313179904587e-1
5.0100200400801605e-2 2.14425e-1 3.306834237499903e-2 4.8811720000000003e-1 1.7164828826415782e-1
5.2104208416833664e-2 2.209122e-1 3.372757889116054e-2 4.98124e-1 1.755492462240053e-1
5.410821643286573e-2 2.2918860000000002e-1 3.4272943430038914e-2 5.248314000000001e-1 1.7625817617403847e-1
5.6112224448897796e-2 2.3398259999999999e-1 3.505295789723956e-2 5.416254e-1 1.7782382107483818e-1
5.811623246492986e-2 2.387326e-1 3.576445669724097e-2 5.537534000000001e-1 1.7993181458843818e-1
6.012024048096192e-2 2.44301e-1 3.63924403989989e-2 5.625936e-1 1.827085936390446e-1
6.212424849699399e-2 2.576968e-1 3.669380926976017e-2 5.822942000000001e-1 1.8242509124635423e-1
6.412825651302605e-2 2.674794e-1 3.6903462775638565e-2 5.866558e-1 1.856318753263679e-1
6.613226452905811e-2 2.670522e-1 3.844361107516118e-2 6.015578e-1 1.8525470305916092e-1
6.813627254509018e-2 2.750902e-1 3.906322806395855e-2 5.952723999999999e-1 1.9061140739824783e-1
7.014028056112225e-2 2.8276260000000003e-1 3.962216264123934e-2 6.216233999999999e-1 1.8590776197244815e-1
7.214428857715431e-2 2.8829000000000005e-1 3.994057990000078e-2 6.34732e-1 1.8461634097599933e-1
7.414829659318638e-2 2.9882240000000004e-1 4.008780765824118e-2 6.384274000000001e-1 1.860781183292337e-1
7.615230460921844e-2 3.020084e-1 4.108896392944127e-2 6.487712e-1 1.8528790285056515e-1
7.81563126252505e-2 3.0881020000000003e-1 4.1086291775961035e-2 6.45885e-1 1.890252337750073e-1
8.016032064128256e-2 3.177582e-1 4.087691053275946e-2 6.587562e-1 1.8586184316155516e-1
8.216432865731463e-2 3.1782679999999996e-1 4.210274720175984e-2 6.671864000000001e-1 1.8525504965503653e-1
8.41683366733467e-2 3.2236739999999997e-1 4.223927401723964e-2 6.677038e-1 1.866105788655611e-1
8.617234468937876e-2 3.2787479999999997e-1 4.2323899124959714e-2 6.817101999999999e-1 1.8296856501595402e-1
8.817635270541083e-2 3.3204680000000003e-1 4.21607550097596e-2 6.874382e-1 1.8205117218075526e-1
9.018036072144289e-2 3.365068e-1 4.226091875376052e-2 6.986768e-1 1.782907011417638e-1
9.218436873747494e-2 3.3672640000000004e-1 4.2633120743039404e-2 7.126816e-1 1.7364402742143467e-1
9.418837675350701e-2 3.381368e-1 4.1705808485760096e-2 7.071698e-1 1.771277437679606e-1
9.619238476953908e-2 3.419286e-1 4.104374030203996e-2 7.257576e-1 1.6925098404223649e-1
9.819639278557114e-2 3.474454e-1 4.0123034618839475e-2 7.118316e-1 1.7704898124144341e-1
1.0020040080160321e-1 3.4976280000000004e-1 3.9782506536159355e-2 7.338114e-1 1.6779960263004035e-1
1.0220440881763528e-1 3.445028e-1 4.081592719215894e-2 7.322768e-1 1.6949526058175676e-1
1.0420841683366733e-1 3.496604e-1 3.89249382718397e-2 7.28469e-1 1.721635338389995e-1
1.062124248496994e-1 3.521396e-1 3.768219691183976e-2 7.442868e-1 1.6527027094576016e-1
1.0821643286573146e-1 3.491628e-1 3.775141229615971e-2 7.410932e-1 1.6775731811375635e-1
1.1022044088176353e-1 3.538574e-1 3.6596774665239556e-2 7.551902e-1 1.6122861402396269e-1
1.1222444889779559e-1 3.5335079999999996e-1 3.695312293936007e-2 7.539038e-1 1.627330601455561e-1
1.1422845691382766e-1 3.579064e-1 3.4842725239040015e-2 7.694892e-1 1.553267698833571e-1
1.1623246492985972e-1 3.55909e-1 3.471456351899949e-2 7.762777999999999e-1 1.5236819862716006e-1
1.1823647294589178e-1 3.571046e-1 3.442497405883885e-2 7.698242000000001e-1 1.5696337209435657e-1
1.2024048096192384e-1 3.579232e-1 3.430940530175955e-2 7.742226000000001e-1 1.5552482864923567e-1
1.2224448897795591e-1 3.5963839999999997e-1 3.350940844544019e-2 7.941860000000001e-1 1.4473453700400044e-1
1.2424849699398798e-1 3.6400119999999997e-1 3.203390279856017e-2 7.937472e-1 1.4590727249215926e-1
1.2625250501002003e-1 3.690778e-1 3.0914959347160032e-2 7.93808e-1 1.4650102633600223e-1
1.282565130260521e-1 3.672102e-1 3.2395922415960385e-2 7.996064e-1 1.4402059267904505e-1
1.3026052104208416e-1 3.676512e-1 3.2197012738559655e-2 8.029438e-1 1.4291273384155795e-1
1.3226452905811623e-1 3.7216000000000005e-1 3.147426599999931e-2 8.069772000000001e-1 1.4106627668015811e-1
1.342685370741483e-1 3.7652800000000003e-1 3.0651511615999414e-2 8.130586e-1 1.379531703660382e-1
1.3627254509018036e-1 3.7764640000000005e-1 3.0984707767040095e-2 8.141538e-1 1.381356565455608e-1
1.3827655310621242e-1 3.7911700000000004e-1 3.1110445311000143e-2 8.104832e-1 1.4112870291775645e-1
1.402805611222445e-1 3.83379e-1 3.045566735899987e-2 8.224162e-1 1.3391730817756006e-1
1.4228456913827656e-1 3.868356e-1 3.0205962572640504e-2 8.173544e-1 1.3804925560063797e-1
1.4428857715430862e-1 3.87512e-1 3.030746625600004e-2 8.278139999999999e-1 1.3176914220400182e-1
1.462925851703407e-1 3.8993079999999997e-1 3.0539768811360408e-2 8.30455e-1 1.30465529574997e-1
1.4829659318637275e-1 3.955276e-1 2.9398242038239958e-2 8.334109999999999e-1 1.290480520789989e-1
1.5030060120240482e-1 3.9345240000000004e-1 3.0955939334240172e-2 8.388608000000001e-1 1.258343542233582e-1
1.523046092184369e-1 3.990478e-1 2.9950040315159753e-2 8.322046000000001e-1 1.308154147388422e-1
1.5430861723446893e-1 4.036008e-1 2.9183987039360103e-2 8.379916e-1 1.2732616992943727e-1
1.56312625250501e-1 4.048984e-1 2.992554767743993e-2 8.382602e-1 1.2759925049595416e-1
1.5831663326653306e-1 4.1050580000000003e-1 2.8666520766360025e-2 8.461136e-1 1.224917986950419e-1
1.6032064128256512e-1 4.0942219999999996e-1 2.9969393947160198e-2 8.42069e-1 1.258079886389985e-1
1.623246492985972e-1 4.128558e-1 2.9498255006360226e-2 8.52093e-1 1.1909343755100081e-1
1.6432865731462926e-1 4.174736e-1 2.9013056903040173e-2 8.419232e-1 1.2655126530176242e-1
1.6633266533066132e-1 4.1865179999999996e-1 2.9274408156760114e-2 8.597047999999999e-1 1.1429173365695888e-1
1.683366733466934e-1 4.235388e-1 2.8695763294559952e-2 8.602076e-1 1.1422280330224066e-1
1.7034068136272545e-1 4.24322e-1 2.9466599116000025e-2 8.61946e-1 1.1310777788399957e-1
1.7234468937875752e-1 4.2924439999999997e-1 2.837015306864024e-2 8.539836000000001e-1 1.1922544613103624e-1
1.743486973947896e-1 4.315348e-1 2.8734419188959907e-2 8.649066000000001e-1 1.1151739067644147e-1
1.7635270541082165e-1 4.3073700000000004e-1 2.9655884631000475e-2 8.720760000000001e-1 1.0641368622400157e-1
1.7835671342685372e-1 4.346024e-1 2.9279472314240163e-2 8.651639999999999e-1 1.1178138310400045e-1
1.8036072144288579e-1 4.37002e-1 2.9255149196000304e-2 8.828619999999999e-1 9.867059615600032e-2
1.8236472945891782e-1 4.432086e-1 2.7733009486039777e-2 8.741128e-1 1.0552509607616087e-1
1.843687374749499e-1 4.49156e-1 2.6521206464000118e-2 8.805810000000001e-1 1.0072513543899678e-1
1.8637274549098196e-1 4.493854e-1 2.7594006066840024e-2 8.791018e-1 1.0216383423676052e-1
1.8837675350701402e-1 4.472952e-1 2.892493685695984e-2 8.770356e-1 1.0385206433264486e-1
1.903807615230461e-1 4.512306e-1 2.8544768623639954e-2 8.817619999999999e-1 1.004055141560022e-1
1.9238476953907815e-1 4.51949e-1 2.909011279899941e-2 8.745348000000001e-1 1.0602272798895893e-1
1.9438877755511022e-1 4.590556e-1 2.7679147708639874e-2 8.830702e-1 9.970823967195883e-2
1.963927855711423e-1 4.5713440000000005e-1 2.927925833664019e-2 8.712104e-1 1.0877070773184255e-1
1.9839679358717435e-1 4.6210640000000003e-1 2.8379070279040235e-2 8.902498000000001e-1 9.434426339996044e-2
2.0040080160320642e-1 4.6586279999999997e-1 2.7287361976160038e-2 8.878562e-1 9.641147512156174e-2
2.0240480961923848e-1 4.679364e-1 2.773367075503966e-2 8.945136e-1 9.126937421503989e-2
2.0440881763527055e-1 4.731572e-1 2.6395811688160423e-2 8.89851e-1 9.505694799900329e-2
2.0641282565130262e-1 4.75428e-1 2.6581374015999835e-2 8.929248e-1 9.272861834495434e-2
2.0841683366733466e-1 4.7689479999999995e-1 2.7147551732959987e-2 8.922304e-1 9.337879811584764e-2
2.1042084168336672e-1 4.8056920000000003e-1 2.6035433211359715e-2 9.030994e-1 8.482307671963822e-2
2.124248496993988e-1 4.8007299999999997e-1 2.7559059671000353e-2 8.996024e-1 8.7720831114233e-2
2.1442885771543085e-1 4.8665640000000004e-1 2.549216993904036e-2 9.020348e-1 8.581433558896175e-2
2.1643286573146292e-1 4.8237040000000003e-1 2.800884280383969e-2 8.951702e-1 9.140583283195776e-2
2.18436873747495e-1 4.905154e-1 2.6152003762839753e-2 9.082038e-1 8.099221106556644e-2
2.2044088176352705e-1 4.9111119999999997e-1 2.660570643455979e-2 9.054818e-1 8.328494046875629e-2
2.2244488977955912e-1 4.91133e-1 2.7251364911000196e-2 9.015452e-1 8.65165511569565e-2
2.2444889779559118e-1 4.97853e-1 2.5376277790999748e-2 9.072002e-1 8.200421651996209e-2
2.2645290581162325e-1 4.936348e-1 2.847040582896001e-2 9.058966e-1 8.315800630844025e-2
2.2845691382765532e-1 5.048214e-1 2.441050190204007e-2 9.10543e-1 7.942138015100268e-2
2.3046092184368738e-1 5.077574e-1 2.442074974524003e-2 9.062043999999999e-1 8.302001182064155e-2
2.3246492985971945e-1 5.077792e-1 2.5222036047360136e-2 9.110628000000001e-1 7.911583565616201e-2
2.3446893787575152e-1 5.059089999999999e-1 2.722918991899998e-2 9.117057999999999e-1 7.863130284635729e-2
2.3647294589178355e-1 5.145993999999999e-1 2.4454871719639743e-2 9.151262e-1 7.582733587356012e-2
2.3847695390781562e-1 5.138694e-1 2.557406834363978e-2 9.12186e-1 7.831657620399964e-2
2.4048096192384769e-1 5.172242e-1 2.5369047534359992e-2 9.174062000000001e-1 7.401517160155882e-2
2.4248496993987975e-1 5.225270000000001e-1 2.331315527100019e-2 9.15869e-1 7.535342223899534e-2
2.4448897795591182e-1 5.230416e-1 2.4195562269439943e-2 9.157418e-1 7.553287553276358e-2
2.4649298597194388e-1 5.285382e-1 2.3080916140759654e-2 9.235258e-1 6.900085453435792e-2
2.4849699398797595e-1 5.258254e-1 2.5585421314839762e-2 9.201712e-1 7.186787309055902e-2
2.50501002004008e-1 5.298099999999999e-1 2.417382910000019e-2 9.200231999999999e-1 7.20456010617602e-2
2.5250501002004005e-1 5.340214e-1 2.4040116142039804e-2 9.216468e-1 7.070737884976427e-2
2.545090180360721e-1 5.340552000000001e-1 2.3960321752960197e-2 9.232852e-1 6.936084866095717e-2
2.565130260521042e-1 5.370854e-1 2.399576130683989e-2 9.171318e-1 7.456432762876121e-2
2.5851703406813625e-1 5.424742e-1 2.2805608134359816e-2 9.25967e-1 6.717244751100064e-2
2.605210420841683e-1 5.392598000000001e-1 2.4738716303960247e-2 9.251704e-1 6.78506177638376e-2
2.625250501002004e-1 5.46399e-1 2.3098601399000027e-2 9.294053999999999e-1 6.427706105084385e-2
2.6452905811623245e-1 5.458364e-1 2.3738914435040486e-2 9.232446e-1 6.955400197084372e-2
2.665330661322645e-1 5.522845999999999e-1 2.202264040284021e-2 9.234794000000001e-1 6.939188957564041e-2
2.685370741482966e-1 5.498902e-1 2.4252852143959933e-2 9.322756000000001e-1 6.187669404464236e-2
2.7054108216432865e-1 5.525804000000001e-1 2.345455393583986e-2 9.345102000000001e-1 5.997900709595649e-2
2.725450901803607e-1 5.544156e-1 2.385942327664024e-2 9.27731e-1 6.583264783899878e-2
2.745490981963928e-1 5.57255e-1 2.396671197500037e-2 9.36568e-1 5.825208217600063e-2
2.7655310621242485e-1 5.58895e-1 2.4046878374999896e-2 9.323898e-1 6.189210905595864e-2
2.785571142284569e-1 5.638654000000001e-1 2.3100559282840275e-2 9.379883999999999e-1 5.703055986543713e-2
2.80561122244489e-1 5.691094000000001e-1 2.0675021431639854e-2 9.372016e-1 5.7731148957439755e-2
2.8256513026052105e-1 5.675602e-1 2.3226124775959797e-2 9.312508e-1 6.293539669936297e-2
2.845691382765531e-1 5.691704e-1 2.3470360963840108e-2 9.41448e-1 5.405429289599905e-2
2.865731462925852e-1 5.713408e-1 2.3630840655359874e-2 9.350742e-1 5.9655195494362066e-2
2.8857715430861725e-1 5.782114e-1 2.0969235910039966e-2 9.414892e-1 5.406056908335844e-2
2.905811623246493e-1 5.749204e-1 2.3620509263840073e-2 9.40099e-1 5.5293551999002474e-2
2.925851703406814e-1 5.799422e-1 2.210886285915974e-2 9.31338e-1 6.294794375600181e-2
2.9458917835671344e-1 5.815434e-1 2.254485091643992e-2 9.391716e-1 5.6176988953436376e-2
2.965931863727455e-1 5.83919e-1 2.2695024839000263e-2 9.387636e-1 5.652637771503629e-2
2.985971943887776e-1 5.86135e-1 2.22404535749997e-2 9.441612e-1 5.176871961455925e-2
3.0060120240480964e-1 5.880706e-1 2.202542081563987e-2 9.427770000000001e-1 5.300976807100242e-2
3.026052104208417e-1 5.895024e-1 2.2862778394239943e-2 9.457952000000001e-1 5.035123365696101e-2
3.046092184368738e-1 5.905952e-1 2.3231726136959868e-2 9.432064e-1 5.2659454199040855e-2
3.066132264529058e-1 5.966658e-1 2.0675800110359997e-2 9.44622e-1 5.142059351599981e-2
3.0861723446893785e-1 5.992864e-1 2.125067357504016e-2 9.498288e-1 4.678412069055936e-2
3.106212424849699e-1 5.997108e-1 2.149251396336025e-2 9.510335999999999e-1 4.570514207104276e-2
3.12625250501002e-1 6.031428e-1 2.042319800816008e-2 9.494586e-1 4.7144769886042305e-2
3.1462925851703405e-1 6.018859999999999e-1 2.2513028203999967e-2 9.482691999999999e-1 4.82222887313578e-2
3.166332665330661e-1 6.059778e-1 2.1233298107160008e-2 9.47465e-1 4.893405637500097e-2
3.186372745490982e-1 6.090734e-1 2.080884321243971e-2 9.465005999999999e-1 4.982973959963705e-2
3.2064128256513025e-1 6.098632e-1 2.208924688576012e-2 9.49692e-1 4.6968233936002676e-2
3.226452905811623e-1 6.082542e-1 2.33047511823598e-2 9.493102e-1 4.7328438375959986e-2
3.246492985971944e-1 6.14249e-1 2.1539117398999795e-2 9.501222e-1 4.661287726715861e-2
3.2665330661322645e-1 6.160134e-1 2.068987362044013e-2 9.559154e-1 4.136839624283865e-2
3.286573146292585e-1 6.168926e-1 2.1743589865240134e-2 9.503292e-1 4.64326444273589e-2
3.306613226452906e-1 6.225286e-1 2.0098482782039885e-2 9.605186e-1 3.7162232454039275e-2
3.3266533066132264e-1 6.249560000000001e-1 1.984799406400024e-2 9.523524e-1 4.463468541423753e-2
3.346693386773547e-1 6.264328e-1 1.9930085084160037e-2 9.543516e-1 4.28236219774406e-2
3.366733466933868e-1 6.256588000000001e-1 2.1319692782560046e-2 9.543612e-1 4.2825646334561e-2
3.3867735470941884e-1 6.297328e-1 1.9640381804160154e-2 9.58154e-1 3.936426588399977e-2
3.406813627254509e-1 6.306874e-1 2.1069200881240188e-2 9.527749999999999e-1 4.427512117500039e-2
3.42685370741483e-1 6.3412e-1 2.009675360000004e-2 9.511921999999999e-1 4.572109885916374e-2
3.4468937875751504e-1 6.383224000000001e-1 1.836737045824004e-2 9.567866e-1 4.0645105860439776e-2
3.466933867735471e-1 6.342483999999999e-1 2.1288795097440093e-2 9.624026e-1 3.551207971323831e-2
3.486973947895792e-1 6.392397999999999e-1 1.9597108695960153e-2 9.628036e-1 3.51420802270378e-2
3.5070140280561124e-1 6.388552e-1 2.148877823295965e-2 9.625796e-1 3.532540046384046e-2
3.527054108216433e-1 6.42682e-1 1.9014710476000157e-2 9.604174000000001e-1 3.7355259577243734e-2
3.5470941883767537e-1 6.451245999999999e-1 1.9004917074839825e-2 9.612175999999999e-1 3.6617955050239195e-2
3.5671342685370744e-1 6.512766e-1 1.6181765292440177e-2 9.618214e-1 3.606599830204146e-2
3.587174348697395e-1 6.4885e-1 1.8739946699999916e-2 9.604436e-1 3.735606361904145e-2
3.6072144288577157e-1 6.469308e-1 2.0857200811360024e-2 9.666272e-1 3.161983742016168e-2
3.627254509018036e-1 6.486358e-1 2.194740235836013e-2 9.594476e-1 3.8273872454237697e-2
3.6472945891783565e-1 6.562524e-1 1.7437825494239906e-2 9.582332e-1 3.937233801775869e-2
3.667334669338677e-1 6.547164e-1 1.9291759971039973e-2 9.612428e-1 3.6621449048156854e-2
3.687374749498998e-1 6.57256e-1 1.8370033664000144e-2 9.57264e-1 4.0287989103998334e-2
3.7074148296593185e-1 6.593184e-1 1.9066634621440127e-2 9.684406e-1 2.9941932471640655e-2
3.727454909819639e-1 6.633342e-1 1.6550238110360025e-2 9.65658e-1 3.2551753036000344e-2
3.74749498997996e-1 6.614094e-1 1.907564699164023e-2 9.64241e-1 3.385125731899778e-2
3.7675350701402804e-1 6.638682e-1 1.874103962876014e-2 9.666648e-1 3.162148124096157e-2
3.787575150300601e-1 6.660238e-1 1.950984163356007e-2 9.668712e-1 3.143678021055977e-2
3.807615230460922e-1 6.64824e-1 2.0782526623999875e-2 9.664744e-1 3.18091281446391e-2
3.8276553106212424e-1 6.674904e-1 2.0841965507840017e-2 9.652816000000001e-1 3.2926099901437064e-2
3.847695390781563e-1 6.678984e-1 2.079678567743989e-2 9.662666000000001e-1 3.199316832443974e-2
3.867735470941884e-1 6.730846e-1 1.783194024283997e-2 9.638976e-1 3.422407871424244e-2
3.8877755511022044e-1 6.745044e-1 1.8505367580640017e-2 9.690932e-1 2.9383819713759498e-2
3.907815631262525e-1 6.754625999999999e-1 1.867248020123994e-2 9.696834e-1 2.8821171164439573e-2
3.927855711422846e-1 6.752582e-1 1.916193753276011e-2 9.698988000000001e-1 2.863376775856265e-2
3.9478957915831664e-1 6.751726e-1 2.0513986809239815e-2 9.684906e-1 2.994461031163797e-2
3.967935871743487e-1 6.79346e-1 1.9157643083999844e-2 9.679012e-1 3.0505509438558516e-2
3.9879759519038077e-1 6.83078e-1 1.8736629116000155e-2 9.63924e-1 3.422673862399925e-2
4.0080160320641284e-1 6.814336e-1 2.0635807991040162e-2 9.693128000000001e-1 2.919732295616128e-2
4.028056112224449e-1 6.843056000000001e-1 1.8166509008639864e-2 9.709017999999999e-1 2.7696322956759507e-2
4.0480961923847697e-1 6.881506000000001e-1 1.797671191964007e-2 9.697164e-1 2.882230997104259e-2
4.0681362725450904e-1 6.9068e-1 1.695371159999997e-2 9.759144e-1 2.2973281472640727e-2
4.088176352705411e-1 6.88844e-1 1.9069417263999786e-2 9.699414000000001e-1 2.86374571660415e-2
4.1082164328657317e-1 6.919374e-1 1.8899724681239998e-2 9.723242e-1 2.6378640694361168e-2
4.1282565130260523e-1 6.922782e-1 1.8595964404759992e-2 9.7593e-1 2.2972021100000437e-2
4.148296593186373e-1 6.917786e-1 1.9173779982039903e-2 9.731372e-1 2.5624567576162098e-2
4.168336673346693e-1 6.951684e-1 1.826998604143997e-2 9.753346e-1 2.35425906428418e-2
4.188376753507014e-1 6.957224e-1 1.9200586938240095e-2 9.751318e-1 2.373294242876095e-2
4.2084168336673344e-1 6.961186e-1 1.9687818134039973e-2 9.779398e-1 2.1069510975960104e-2
4.228456913827655e-1 7.013882e-1 1.7946264700760196e-2 9.745277999999999e-1 2.4300943227160428e-2
4.248496993987976e-1 7.021972e-1 1.8085966712159812e-2 9.771456e-1 2.183262960064012e-2
4.2685370741482964e-1 6.983630000000001e-1 1.9911835631000074e-2 9.705594e-1 2.807419927164076e-2
4.288577154308617e-1 7.04954e-1 1.777005508399991e-2 9.73746e-1 2.505848748399936e-2
4.308617234468938e-1 7.020031999999999e-1 1.9155673189760015e-2 9.78148e-1 2.0879837696002032e-2
4.3286573146292584e-1 7.046116e-1 1.8651451945439924e-2 9.765542e-1 2.240363306235921e-2
4.348697394789579e-1 7.074579999999999e-1 1.87163802360001e-2 9.751576e-1 2.3733393962239776e-2
4.3687374749499e-1 7.070856e-1 1.7889163872639988e-2 9.743662000000001e-1 2.4491837297558473e-2
4.3887775551102204e-1 7.079914e-1 1.92741409260399e-2 9.729544e-1 2.5814286320638404e-2
4.408817635270541e-1 7.077749999999999e-1 1.9235706375000026e-2 9.735653999999999e-1 2.5249344122840724e-2
4.4288577154308617e-1 7.095512e-1 1.998225497856007e-2 9.725708e-1 2.6192962587360064e-2
4.4488977955911824e-1 7.124353999999999e-1 1.8791471826839937e-2 9.743654e-1 2.449140068284207e-2
4.468937875751503e-1 7.106876e-1 1.9122730406240164e-2 9.775648e-1 2.145238580096051e-2
4.4889779559118237e-1 7.143474e-1 1.879013711324007e-2 9.789588e-1 2.0116198302559344e-2
4.5090180360721444e-1 7.139942e-1 1.928339816636004e-2 9.803456e-1 1.8775045760638865e-2
4.529058116232465e-1 7.108848000000001e-1 1.9785465528960034e-2 9.781574000000001e-1 2.0879431825239027e-2
4.5490981963927857e-1 7.148918e-1 1.890048209275999e-2 9.801662e-1 1.89675341775598e-2
4.5691382765531063e-1 7.150404e-1 1.874095796783993e-2 9.821698e-1 1.704778816796067e-2
4.589178356713427e-1 7.16121e-1 1.8320661159000114e-2 9.795784e-1 1.9541857453439136e-2
4.6092184368737477e-1 7.153974e-1 1.826855347324009e-2 9.805754e-1 1.858518271484036e-2
4.6292585170340683e-1 7.111348000000001e-1 2.0425843828960073e-2 9.763658000000001e-1 2.2595545190361718e-2
4.649298597194389e-1 7.122018e-1 2.122129547675999e-2 9.829514e-1 1.6276672638040134e-2
4.6693386773547096e-1 7.138622e-1 1.932467601116006e-2 9.853597999999999e-1 1.3956572743960265e-2
4.6893787575150303e-1 7.120398e-1 1.974397181595993e-2 9.791536e-1 1.9924354007041536e-2
4.709418837675351e-1 7.146624e-1 1.9691931226240106e-2 9.811632e-1 1.800768776576063e-2
4.729458917835671e-1 7.159468000000001e-1 1.8012772369760042e-2 9.799648e-1 1.915949916096093e-2
4.749498997995992e-1 7.116476e-1 2.1288181414240128e-2 9.803348e-1 1.8773430708961383e-2
4.7695390781563124e-1 7.152372e-1 2.0529252136159984e-2 9.811664e-1 1.8007805111040553e-2
4.789579158316633e-1 7.159719999999999e-1 1.9079549616000155e-2 9.81555e-1 1.7623102175000495e-2
4.8096192384769537e-1 7.164214e-1 2.0382772222040116e-2 9.817623999999999e-1 1.7432301146241013e-2
4.8296593186372744e-1 7.15333e-1 2.005932771100015e-2 9.815598e-1 1.762366962396069e-2
4.849699398797595e-1 7.136576e-1 1.892549636224006e-2 9.827532e-1 1.6469069089760684e-2
4.8697394789579157e-1 7.135246e-1 2.05671109948398e-2 9.859452e-1 1.3375786596960301e-2
4.8897795591182364e-1 7.12539e-1 2.044127247900004e-2 9.869448e-1 1.2404882552958994e-2
4.909819639278557e-1 7.103782e-1 2.0506562764760032e-2 9.813462e-1 1.7815757945560656e-2
4.9298597194388777e-1 7.067960000000001e-1 2.1607321584000097e-2 9.861378e-1 1.3181564411158593e-2
4.9498997995991983e-1 7.082658000000001e-1 2.125754715036013e-2 9.839448e-1 1.5310353352959726e-2
4.969939879759519e-1 7.106728000000001e-1 2.1436968140159902e-2 9.827394e-1 1.6468605487639388e-2
4.9899799599198397e-1 7.095646e-1 2.053820982684006e-2 9.829458e-1 1.6275675262359166e-2
5.01002004008016e-1 7.054737999999999e-1 2.1442586113560078e-2 9.849325999999999e-1 1.434310965723941e-2
5.03006012024048e-1 7.022626000000001e-1 2.3548711241240163e-2 9.837408000000001e-1 1.5504162815359811e-2
5.050100200400801e-1 7.007656e-1 2.2622531056640246e-2 9.847246000000001e-1 1.4536807154839668e-2
5.070140280561122e-1 7.038668e-1 2.2130385057759935e-2 9.84527e-1 1.4731118070999557e-2
5.090180360721442e-1 7.01077e-1 2.2075436270999952e-2 9.847336e-1 1.4537471431039896e-2
5.110220440881763e-1 7.033504e-1 2.1561925619840046e-2 9.861124e-1 1.3180486566240537e-2
5.130260521042084e-1 7.014764e-1 2.2798843443040187e-2 9.859202e-1 1.3375105831960844e-2
5.150300601202404e-1 7.012472000000001e-1 2.1771169692159826e-2 9.871112000000001e-1 1.2209220834559859e-2
5.170340681362725e-1 6.973904e-1 2.3145883587840144e-2 9.873147999999999e-1 1.2015231700959273e-2
5.190380761523046e-1 6.98896e-1 2.206848238399994e-2 9.895044000000001e-1 9.869986380640197e-3
5.210420841683366e-1 6.943238e-1 2.4422204153560004e-2 9.855142e-1 1.37626989983595e-2
5.230460921843687e-1 6.987150000000001e-1 2.310630217499999e-2 9.863042000000001e-1 1.2986178062359858e-2
5.250501002004008e-1 6.975394e-1 2.3191545247640118e-2 9.855092e-1 1.3762571115360589e-2
5.270541082164328e-1 6.931128e-1 2.3663585276160245e-2 9.847132000000001e-1 1.4537265745759689e-2
5.290581162324649e-1 6.91762e-1 2.366318695600002e-2 9.857262e-1 1.3569188833560725e-2
5.31062124248497e-1 6.95476e-1 2.2694724224000092e-2 9.877134e-1 1.162597126043972e-2
5.33066132264529e-1 6.927378e-1 2.3097218251159936e-2 9.863044e-1 1.2986576940639602e-2
5.350701402805611e-1 6.93487e-1 2.3493464230999957e-2 9.882956e-1 1.1040763820639227e-2
5.370741482965932e-1 6.927882e-1 2.367192894075996e-2 9.891154e-1 1.026085488283936e-2
5.390781563126252e-1 6.90824e-1 2.317155702400003e-2 9.857125999999999e-1 1.3568806401239931e-2
5.410821643286573e-1 6.923210000000001e-1 2.118038995899995e-2 9.861011999999999e-1 1.3180572958559398e-2
5.430861723446894e-1 6.885192e-1 2.311008443135985e-2 9.87903e-1 1.1429806790999293e-2
5.450901803607214e-1 6.869837999999999e-1 2.3366243537559873e-2 9.882856000000001e-1 1.1040531632640183e-2
5.470941883767535e-1 6.919528e-1 2.2525392572160102e-2 9.884836e-1 1.0845532931039722e-2
5.490981963927856e-1 6.900548e-1 2.3828150196959892e-2 9.87084e-1 1.2208540543998912e-2
5.511022044088176e-1 6.864622e-1 2.3458361371159968e-2 9.896868e-1 9.674586705760341e-3
5.531062124248497e-1 6.877713999999999e-1 2.401842954203996e-2 9.880834e-1 1.1235358044440133e-2
5.551102204408818e-1 6.871052e-1 2.4370322932959876e-2 9.888846e-1 1.0455802882839385e-2
5.571142284569138e-1 6.859417999999999e-1 2.417261681276006e-2 9.902926e-1 9.087908185239897e-3
5.591182364729459e-1 6.842468e-1 2.4777649089759986e-2 9.914816e-1 7.911986861439763e-3
5.61122244488978e-1 6.848884000000001e-1 2.5077481945440256e-2 9.90884e-1 8.499854144000174e-3
5.6312625250501e-1 6.848534e-1 2.3621337508439873e-2 9.894786e-1 9.869461942040504e-3
5.651302605210421e-1 6.837074e-1 2.3661588985239908e-2 9.892795999999999e-1 1.0065226623839737e-2
5.671342685370742e-1 6.87723e-1 2.3422033071000173e-2 9.89683e-1 9.674116911000083e-3
5.691382765531062e-1 6.87961e-1 2.3229320279000088e-2 9.912822e-1 8.107752163160148e-3
5.711422845691383e-1 6.851798e-1 2.3739747071959836e-2 9.894864e-1 9.869213415040625e-3
5.731462925851704e-1 6.865118e-1 2.3300526660759924e-2 9.916766e-1 7.715676812439729e-3
5.751503006012024e-1 6.835044e-1 2.3264317980640097e-2 9.892732e-1 1.0065098161759994e-2
5.771543086172345e-1 6.847698e-1 2.3839322007960108e-2 9.92472e-1 6.929888016000288e-3
5.791583166332666e-1 6.844122e-1 2.3752283891160287e-2 9.902712e-1 9.087513250559544e-3
5.811623246492986e-1 6.848723999999999e-1 2.4307792518239977e-2 9.924678e-1 6.9298249631599956e-3
5.831663326653307e-1 6.878156e-1 2.3278083196639876e-2 9.908668e-1 8.49955185775924e-3
5.851703406813628e-1 6.889902e-1 2.287009770395995e-2 9.922746e-1 7.1264703948397835e-3
5.871743486973948e-1 6.83206e-1 2.442260316399985e-2 9.932759999999999e-1 6.14293582400075e-3
5.891783567134269e-1 6.883336000000001e-1 2.3472559111040067e-2 9.916568e-1 7.715361813759636e-3
5.91182364729459e-1 6.925943999999999e-1 2.2959543888639772e-2 9.934774e-1 5.945601889239894e-3
5.93186372745491e-1 6.870558e-1 2.3428211886359882e-2 9.924592e-1 6.929305135359574e-3
5.951903807615231e-1 6.88275e-1 2.2999848974999917e-2 9.904716e-1 8.891764793440018e-3
5.971943887775552e-1 6.888278e-1 2.3506922147159857e-2 9.938758e-1 5.551837174360619e-3
5.991983967935872e-1 6.868858e-1 2.3491929558360134e-2 9.918586e-1 7.519086206039505e-3
6.012024048096193e-1 6.841972e-1 2.3796073512159982e-2 9.93263e-1 6.142772630999575e-3
6.032064128256514e-1 6.904968e-1 2.47377731897601e-2 9.934672e-1 5.945879324159753e-3
6.052104208416834e-1 6.865986000000001e-1 2.4235662678040146e-2 9.928638e-1 6.5364320495596845e-3
6.072144288577155e-1 6.861648e-1 2.4399835640959978e-2 9.906802e-1 8.696090327959994e-3
6.092184368737475e-1 6.825753999999999e-1 2.5424480714840082e-2 9.934646e-1 5.945843146839894e-3
6.112224448897795e-1 6.903326e-1 2.3601950777240078e-2 9.934618000000001e-1 5.945810940759906e-3
6.132264529058116e-1 6.888218e-1 2.390108284476006e-2 9.946734e-1 4.762572732439827e-3
6.152304609218436e-1 6.856720000000001e-1 2.4886625616000177e-2 9.912766000000001e-1 8.107648892439782e-3
6.172344689378757e-1 6.890539999999999e-1 2.39873214840001e-2 9.948628e-1 4.564961576160103e-3
6.192384769539078e-1 6.901266e-1 2.466491457243991e-2 9.93272e-1 6.142882015999654e-3
6.212424849699398e-1 6.879466e-1 2.518461174844001e-2 9.912920000000001e-1 8.108301935999585e-3
6.232464929859719e-1 6.907666e-1 2.5082930124440066e-2 9.934642e-1 5.945841518360319e-3
6.25250501002004e-1 6.946864e-1 2.3594517255040026e-2 9.938662e-1 5.551326697559573e-3
6.27254509018036e-1 6.884528e-1 2.4994277372160086e-2 9.946684e-1 4.762520841440189e-3
6.292585170340681e-1 6.894049999999999e-1 2.473283017500003e-2 9.934774e-1 5.945997889239966e-3
6.312625250501002e-1 6.872537999999999e-1 2.4542453785559776e-2 9.94668e-1 4.762517375999963e-3
6.332665330661322e-1 6.935366000000001e-1 2.570063186043986e-2 9.942838e-1 5.157458857559968e-3
6.352705410821643e-1 6.94048e-1 2.5591255696000036e-2 9.950650000000001e-1 4.367392775000062e-3
6.372745490981964e-1 6.903388e-1 2.584709041455988e-2 9.950814e-1 4.367138374039821e-3
6.392785571142284e-1 6.881022e-1 2.4955936955160032e-2 9.944571999999999e-1 4.9594337681605075e-3
6.412825651302605e-1 6.914944000000001e-1 2.525955476864e-2 9.946775999999999e-1 4.762609258240111e-3
6.432865731462926e-1 6.923944e-1 2.4473668048639843e-2 9.948798000000001e-1 4.565116151959825e-3
6.452905811623246e-1 6.96372e-1 2.4437750415999934e-2 9.942584000000001e-1 5.1567908294404075e-3
6.472945891783567e-1 6.943189999999999e-1 2.5204241238999996e-2 9.942756e-1 5.157372444640055e-3
6.492985971943888e-1 6.949232e-1 2.5334054901759877e-2 9.946698e-1 4.762133967960526e-3
6.513026052104208e-1 6.937914e-1 2.582960908604e-2 9.93673e-1 5.748912070999821e-3
6.533066132264529e-1 6.932772e-1 2.5055131960160012e-2 9.946502e-1 4.7623414399602885e-3
6.55310621242485e-1 6.899746e-1 2.5645377154840072e-2 9.946616e-1 4.762453885439627e-3
6.57314629258517e-1 6.927258000000001e-1 2.5211368214360066e-2 9.950604e-1 4.367350351840052e-3
6.593186372745491e-1 6.934629999999999e-1 2.5253807830999946e-2 9.938772e-1 5.5510505201603975e-3
6.613226452905812e-1 6.92515e-1 2.5633614175000013e-2 9.954722e-1 3.972037627160013e-3
6.633266533066132e-1 6.958904e-1 2.564812838783991e-2 9.958642e-1 3.576241358360017e-3
6.653306613226453e-1 6.956330000000001e-1 2.5775065111000056e-2 9.966558e-1 2.7837681263601474e-3
6.673346693386774e-1 6.930944e-1 2.5354351488640132e-2 9.946778000000001e-1 4.7626083871596635e-3
6.693386773547094e-1 6.92693e-1 2.4678667551000216e-2 9.950760000000001e-1 4.3674886240000895e-3
6.713426853707415e-1 6.912804e-1 2.5358876175839887e-2 9.952712e-1 4.169777650560177e-3
6.733466933867736e-1 6.927426e-1 2.546108634523996e-2 9.960592e-1 3.3782204953600077e-3
6.753507014028056e-1 6.987114e-1 2.5536128110039896e-2 9.94479e-1 4.960050758999921e-3
6.773547094188377e-1 6.94702e-1 2.506303919599987e-2 9.938758e-1 5.551832374360956e-3
6.793587174348698e-1 6.934254e-1 2.5470192034839734e-2 9.96659e-1 2.783787119000031e-3
6.813627254509018e-1 6.988338e-1 2.5836598177559962e-2 9.962572000000001e-1 3.1801406481601676e-3
6.833667334669339e-1 6.935934e-1 2.5036414876440028e-2 9.962778e-1 3.1802758271599505e-3
6.85370741482966e-1 6.942655999999999e-1 2.4931079856640132e-2 9.972506e-1 2.1885961996399965e-3
6.87374749498998e-1 6.955908e-1 2.6022635755359978e-2 9.966704e-1 2.7838513638399356e-3
6.893787575150301e-1 6.934346e-1 2.5349001322840237e-2 9.96253e-1 3.179715391000013e-3
6.913827655310621e-1 6.940729999999999e-1 2.4860880871000024e-2 9.962474e-1 3.1800777932402303e-3
6.933867735470942e-1 6.931432e-1 2.5250711493759834e-2 9.980624e-1 1.3939877062399634e-3
6.953907815631263e-1 6.942756000000001e-1 2.4734597644640033e-2 9.950714e-1 4.367447902040165e-3
6.973947895791583e-1 6.895872000000001e-1 2.500393479615987e-2 9.978582e-1 1.5927588927599518e-3
6.993987975951904e-1 6.943696e-1 2.5078268995839915e-2 9.972476e-1 2.1885818942399987e-3
7.014028056112225e-1 6.949256e-1 2.5527542464640066e-2 9.962602e-1 3.1801616959602165e-3
7.034068136272545e-1 6.953512e-1 2.5052459858560222e-2 9.968442e-1 2.5854039263600195e-3
7.054108216432866e-1 6.907238e-1 2.473906311356008e-2 9.966594e-1 2.7837869916397047e-3
7.074148296593187e-1 6.976154e-1 2.514465708284025e-2 9.97447e-1 1.990040390999891e-3
7.094188376753507e-1 6.922482e-1 2.5469485796759974e-2 9.966466e-1 2.7837137084401552e-3
7.114228456913828e-1 6.948991999999999e-1 2.5256884639360152e-2 9.972396e-1 2.1885469918400367e-3
7.134268537074149e-1 6.930882e-1 2.515036002075991e-2 9.966436e-1 2.7836969790402608e-3
7.154308617234469e-1 6.926338e-1 2.5265428497559923e-2 9.960442e-1 3.3781154463601807e-3
7.17434869739479e-1 6.916201999999999e-1 2.5065369551960173e-2 9.974516e-1 1.990058857439955e-3
7.194388777555111e-1 6.8992e-1 2.4911732400000032e-2 9.974488e-1 1.9900485785599837e-3
7.214428857715431e-1 6.902242e-1 2.4558496734359864e-2 9.972276000000001e-1 2.1884913982399704e-3
7.234468937875751e-1 6.89922e-1 2.437141431600019e-2 9.982344000000001e-1 1.194651456639989e-3
7.254509018036072e-1 6.893096000000001e-1 2.5353634547839832e-2 9.97042e-1 2.3870134359997696e-3
7.274549098196392e-1 6.862714e-1 2.5676823342040102e-2 9.976368e-1 1.7913820857601266e-3
7.294589178356713e-1 6.846291999999999e-1 2.3888070907360174e-2 9.972302e-1 2.1885032079600798e-3
7.314629258517034e-1 6.888374e-1 2.415417696124e-2 9.974282e-1 1.9899616447598867e-3
7.334669338677354e-1 6.883412e-1 2.4468709582559832e-2 9.976214e-1 1.7913252620399118e-3
7.354709418837675e-1 6.863016e-1 2.4234095037439927e-2 9.960326e-1 3.378034337240341e-3
7.374749498997996e-1 6.866472e-1 2.449312793215988e-2 9.97429e-1 1.989965358999967e-3
7.394789579158316e-1 6.866992000000001e-1 2.4203522319359926e-2 9.980262e-1 1.3938811135600262e-3
7.414829659318637e-1 6.879955999999999e-1 2.3377062780639956e-2 9.986272e-1 7.970910201600736e-4
7.434869739478958e-1 6.877358e-1 2.363987119836002e-2 9.970135999999999e-1 2.38687301504001e-3
7.454909819639278e-1 6.820516e-1 2.321100573744001e-2 9.988138e-1 5.979807295600061e-4
7.474949899799599e-1 6.820932000000001e-1 2.2727621313760105e-2 9.974106e-1 1.9898888076399827e-3
7.49498997995992e-1 6.820632000000001e-1 2.3191337205759943e-2 9.976195999999999e-1 1.791317695839982e-3
7.51503006012024e-1 6.829529999999999e-1 2.2786699991000046e-2 9.970008e-1 2.386809199359893e-3
7.535070140280561e-1 6.796426e-1 2.262620966524012e-2 9.974104e-1 1.9898879718399823e-3
7.555110220440882e-1 6.755024e-1 2.1568430394240185e-2 9.9761e-1 1.7912819000000379e-3
7.575150300601202e-1 6.713279999999999e-1 2.1499750015999807e-2 9.971994e-1 2.1883628396400135e-3
7.595190380761523e-1 6.766026e-1 2.1392369873240162e-2 9.979977999999999e-1 1.3937969951600627e-3
7.615230460921844e-1 6.748168e-1 2.1229410837759907e-2 9.973968e-1 1.9898309497601327e-3
7.635270541082164e-1 6.746548e-1 2.121945003696016e-2 9.979932e-1 1.3937835537598674e-3
7.655310621242485e-1 6.753502e-1 2.138559915995978e-2 9.982016e-1 1.1949665574400316e-3
7.675350701402806e-1 6.722480000000001e-1 2.0566441295999924e-2 9.981824e-1 1.1949163302401062e-3
7.695390781563126e-1 6.694716e-1 2.036645519344002e-2 9.965782000000001e-1 2.783318684759921e-3
7.715430861723447e-1 6.698780000000001e-1 1.991967831599985e-2 9.981713999999999e-1 1.1948880220399552e-3
7.735470941883767e-1 6.653166e-1 1.994867956444e-2 9.97983e-1 1.3937515109999142e-3
7.755511022044088e-1 6.633102e-1 1.8924980375960045e-2 9.987618e-1 5.979062607599916e-4
7.775551102204409e-1 6.678212e-1 1.9094884030560134e-2 9.981656e-1 1.1948721766399848e-3
7.79559118236473e-1 6.650164e-1 1.8547617731040154e-2 9.97563e-1 1.7911024310000563e-3
7.81563126252505e-1 6.613566e-1 1.7173758636440137e-2 9.983578e-1 9.959481791600268e-4
7.835671342685371e-1 6.603325999999999e-1 1.8118357977239923e-2 9.993565999999999e-1 2.2983643999998968e-7
7.855711422845691e-1 6.584378000000001e-1 1.7288028531159922e-2 9.979506e-1 1.393652159639979e-3
7.875751503006012e-1 6.612129999999999e-1 1.7536042431000116e-2 9.989526e-1 3.987511532399804e-4
7.895791583166333e-1 6.579697999999999e-1 1.6668829287959902e-2 9.987534e-1 5.978937884400079e-4
7.915831663326653e-1 6.558062e-1 1.5838129841559963e-2 9.989353999999999e-1 3.987324268400177e-4
7.935871743486974e-1 6.539352e-1 1.6281929000960087e-2 9.991392e-1 1.995206233599999e-4
7.955911823647295e-1 6.560512e-1 1.5514144178559891e-2 9.983390000000001e-1 9.959040789999647e-4
7.975951903807615e-1 6.492530000000001e-1 1.4774168591000008e-2 9.985263999999999e-1 7.969037030400439e-4
7.995991983967936e-1 6.54193e-1 1.5141836950999962e-2 9.98932e-1 3.98728176000003e-4
8.016032064128257e-1 6.50505e-1 1.4261326375e-2 9.989285999999999e-1 3.987243020400135e-4
8.036072144288577e-1 6.51714e-1 1.4232311003999996e-2 9.98733e-1 5.97862911000004e-4
8.056112224448898e-1 6.488716e-1 1.385330231343991e-2 9.989214e-1 3.987160220400034e-4
8.076152304609219e-1 6.479117999999999e-1 1.3328930820759923e-2 9.989258e-1 3.9872109436000277e-4
8.096192384769539e-1 6.477486e-1 1.3019361398040002e-2 9.979074e-1 1.3935172252399174e-3
8.11623246492986e-1 6.433348e-1 1.2475422708960045e-2 9.98915e-1 3.9870857499997803e-4
8.136272545090181e-1 6.44292e-1 1.2019540336000094e-2 9.991201999999999e-1 1.9950655195999852e-4
8.156312625250501e-1 6.408952e-1 1.096870341695992e-2 9.987106e-1 5.978280476400041e-4
8.176352705410822e-1 6.403669999999999e-1 1.1030909111000096e-2 9.989064e-1 3.986992390399859e-4
8.196392785571143e-1 6.426763999999999e-1 1.0838787683039957e-2 9.987002e-1 5.978115199599966e-4
8.216432865731463e-1 6.41679e-1 1.0833211558999908e-2 9.985026e-1 7.968567932399567e-4
8.236472945891784e-1 6.398216e-1 1.0105852573439938e-2 9.989018e-1 3.986929567599957e-4
8.256513026052105e-1 6.369400000000001e-1 9.549567199999996e-3 9.982944e-1 9.95798528640031e-4
8.276553106212425e-1 6.389378e-1 9.959032331160028e-3 9.98477e-1 7.968050709999326e-4
8.296593186372746e-1 6.37025e-1 8.73949037499993e-3 9.988864e-1 3.986742950400066e-4
8.316633266533067e-1 6.348469999999999e-1 8.144562791000037e-3 9.982826e-1 9.957699372400758e-4
8.336673346693386e-1 6.353534e-1 8.62067770844e-3 9.986866e-1 5.977895804400198e-4
8.356713426853707e-1 6.369543999999999e-1 8.253528720640054e-3 9.988804e-1 3.98667295839997e-4
8.376753507014028e-1 6.356912e-1 8.212566242560056e-3 9.978728e-1 1.3934050201599255e-3
8.396793587174348e-1 6.318002e-1 6.876733879959981e-3 9.986798e-1 5.977788719599666e-4
8.416833667334669e-1 6.3155e-1 6.5396430999999115e-3 9.992795999999999e-1 2.026238399999868e-7
8.43687374749499e-1 6.342196e-1 7.049535375840075e-3 9.990762e-1 1.9947079355999318e-4
8.45691382765531e-1 6.30687e-1 5.983325831000012e-3 9.990762e-1 1.9947079355998992e-4
8.476953907815631e-1 6.32312e-1 6.607387456000037e-3 9.988627999999999e-1 3.986447761600086e-4
8.496993987975952e-1 6.317967999999999e-1 6.422402709760021e-3 9.988773999999999e-1 3.986631692399765e-4
8.517034068136272e-1 6.30149e-1 5.058288799000021e-3 9.992666e-1 1.9552444000001676e-7
8.537074148296593e-1 6.294896e-1 5.177863891840014e-3 9.992748e-1 1.9928495999999348e-7
8.557114228456913e-1 6.300538e-1 4.962138905560025e-3 9.986692e-1 5.977609713599853e-4
8.577154308617234e-1 6.305176e-1 4.933803690240014e-3 9.992636e-1 1.9411503999999905e-7
8.597194388777555e-1 6.281846000000001e-1 4.1235897228400365e-3 9.988587999999999e-1 3.986396625599517e-4
8.617234468937875e-1 6.285286e-1 4.167996382039984e-3 9.990646000000001e-1 1.994608268400066e-4
8.637274549098196e-1 6.278398e-1 3.6045605359600074e-3 9.988604e-1 3.986417118399612e-4
8.657314629258517e-1 6.294204e-1 3.6844556638400087e-3 9.990576e-1 1.9945468223997125e-4
8.677354709418837e-1 6.297762e-1 4.033205713560018e-3 9.990481999999999e-1 1.99446276760005e-4
8.697394789579158e-1 6.26485e-1 3.3863697750000105e-3 9.988556e-1 3.9863554863998885e-4
8.717434869739479e-1 6.270234e-1 3.0098608524400015e-3 9.990624e-1 1.9945890623999823e-4
8.7374749498998e-1 6.291015999999999e-1 2.993641277440051e-3 9.986592000000001e-1 5.977442553600123e-4
8.75751503006012e-1 6.290956e-1 2.953983660639987e-3 9.988596e-1 3.9864108783996917e-4
8.777555110220441e-1 6.281026000000001e-1 2.6469904732399916e-3 9.990481999999999e-1 1.9944627676000905e-4
8.797595190380761e-1 6.292032000000001e-1 2.9796815097600017e-3 9.992584000000001e-1 1.9162944000001184e-7
8.817635270541082e-1 6.276652e-1 2.2196695089600122e-3 9.992512e-1 1.8809855999998916e-7
8.837675350701403e-1 6.290742e-1 2.6818990943600226e-3 9.992572e-1 1.9104815999999757e-7
8.857715430861723e-1 6.287576e-1 2.644803642240019e-3 9.988514000000001e-1 3.9863011804001767e-4
8.877755511022044e-1 6.286144e-1 2.0979093126399936e-3 9.992408e-1 1.8281535999999348e-7
8.897795591182365e-1 6.304966e-1 2.118377588440003e-3 9.988622e-1 3.9864401115998166e-4
8.917835671342685e-1 6.279224e-1 1.826565978240003e-3 9.992523999999999e-1 1.8869423999999373e-7
8.937875751503006e-1 6.297958e-1 2.0282053023599907e-3 9.990486e-1 1.99447038039988e-4
8.957915831663327e-1 6.303234e-1 2.0989144124400065e-3 9.99249e-1 1.8739899999998967e-7
8.977955911823647e-1 6.301165999999999e-1 1.767545804439998e-3 9.992482e-1 1.865967600000094e-7
8.997995991983968e-1 6.297896e-1 1.7356537318399849e-3 9.986516000000001e-1 5.977314174400027e-4
9.018036072144289e-1 6.294955999999999e-1 1.584943980640003e-3 9.992462000000001e-1 1.8558556000000214e-7
9.038076152304609e-1 6.307286000000001e-1 1.612065342040013e-3 9.992572e-1 1.910481599999973e-7
9.05811623246493e-1 6.315232e-1 1.7582746617599901e-3 9.992466e-1 1.8578843999998666e-7
9.078156312625251e-1 6.31491e-1 1.6735719190000165e-3 9.992442e-1 1.8456635999999745e-7
9.098196392785571e-1 6.323764e-1 1.5441167230400073e-3 9.992494000000001e-1 1.8719964000001218e-7
9.118236472945892e-1 6.319948000000001e-1 1.6844763729599965e-3 9.990522e-1 1.9944987516000076e-4
9.138276553106213e-1 6.326645999999999e-1 1.5733661068399998e-3 9.992514e-1 1.8819803999997643e-7
9.158316633266533e-1 6.332097999999999e-1 1.6117941839599854e-3 9.992409999999999e-1 1.8291899999999065e-7
9.178356713426854e-1 6.334334e-1 1.43203076444e-3 9.992542e-1 1.895823599999876e-7
9.198396793587175e-1 6.343053999999999e-1 1.4612085308400038e-3 9.988596e-1 3.98640687839968e-4
9.218436873747495e-1 6.347464e-1 1.5171780870400075e-3 9.990492000000001e-1 1.994471793600056e-4
9.238476953907816e-1 6.34519e-1 1.3848452390000008e-3 9.992530000000001e-1 1.889909999999842e-7
9.258517034068137e-1 6.348228e-1 1.4022074001599912e-3 9.988514000000001e-1 3.9863011804000553e-4
9.278557114228457e-1 6.349202e-1 1.385932631959996e-3 9.992504e-1 1.8769983999998012e-7
9.298597194388778e-1 6.35869e-1 1.3786414390000044e-3 9.992592e-1 1.92015359999983e-7
9.318637274549099e-1 6.354095999999999e-1 1.3975026278400075e-3 9.992559999999999e-1 1.9046400000001038e-7
9.338677354709419e-1 6.368116e-1 1.461280905440009e-3 9.9926e-1 1.9240000000001191e-7
9.35871743486974e-1 6.365611999999999e-1 1.3719298545600035e-3 9.99249e-1 1.8699899999998964e-7
9.378757515030061e-1 6.374818e-1 1.3976136687599964e-3 9.992454000000001e-1 1.8517883999999055e-7
9.398797595190381e-1 6.367454e-1 1.4225889788399922e-3 9.992542e-1 1.8958235999998763e-7
9.418837675350702e-1 6.38015e-1 1.417053975000018e-3 9.992576000000001e-1 1.912422400000039e-7
9.438877755511023e-1 6.37632e-1 1.407213376e-3 9.992580000000001e-1 1.9143600000001622e-7
9.458917835671342e-1 6.390208e-1 1.4558707673599962e-3 9.992518e-1 1.8839675999998922e-7
9.478957915831663e-1 6.395086e-1 1.5071943260399835e-3 9.99251e-1 1.8799900000001267e-7
9.498997995991983e-1 6.40019e-1 1.4517366389999859e-3 9.992598e-1 1.9230396000001275e-7
9.519038076152304e-1 6.391318e-1 1.4004676287600085e-3 9.992576000000001e-1 1.9124224000000324e-7
9.539078156312625e-1 6.40482e-1 1.4275460759999943e-3 9.992614e-1 1.9307003999998648e-7
9.559118236472945e-1 6.40623e-1 1.4314472710000006e-3 9.992542e-1 1.895823599999871e-7
9.579158316633266e-1 6.414456000000001e-1 1.417359040639996e-3 9.992526e-1 1.887932400000136e-7
9.599198396793587e-1 6.419352e-1 1.496937000960005e-3 9.992614e-1 1.9307003999998648e-7
9.619238476953907e-1 6.420718000000001e-1 1.448560644759989e-3 9.992578e-1 1.9133916000001748e-7
9.639278557114228e-1 6.41538e-1 1.4544001559999974e-3 9.992516e-1 1.8829743999999276e-7
9.659318637274549e-1 6.423026e-1 1.4508538332400089e-3 9.992654e-1 1.9496283999998793e-7
9.679358717434869e-1 6.437387999999999e-1 1.431289374560007e-3 9.992580000000001e-1 1.914360000000172e-7
9.69939879759519e-1 6.424896e-1 1.405546691839991e-3 9.992527999999999e-1 1.88892160000023e-7
9.719438877755511e-1 6.447536e-1 1.4329904870400043e-3 9.992562e-1 1.905615600000081e-7
9.739478957915831e-1 6.447714e-1 1.3854595420399955e-3 9.992548e-1 1.8987696000000917e-7
9.759519038076152e-1 6.445137999999999e-1 1.4095462095600041e-3 9.992646e-1 1.945868400000187e-7
9.779559118236473e-1 6.451422e-1 1.4876095791599986e-3 9.992563999999999e-1 1.9065904000001496e-7
9.799599198396793e-1 6.452014e-1 1.4609732380399918e-3 9.992548e-1 1.8987696000000946e-7
9.819639278557114e-1 6.457084e-1 1.4789609694400086e-3 9.992598e-1 1.9230396000001372e-7
9.839679358717435e-1 6.466786e-1 1.4770861020399954e-3 9.992542e-1 1.89582359999987e-7
9.859719438877755e-1 6.466206e-1 1.4255922556400025e-3 9.992648000000001e-1 1.9468095999998916e-7
9.879759519038076e-1 6.473424e-1 1.4671531622399772e-3 9.99257e-1 1.9095099999999778e-7
9.899799599198397e-1 6.46986e-1 1.5058802039999838e-3 9.992496e-1 1.8729983999998816e-7
9.919839679358717e-1 6.478732e-1 1.4286947217600028e-3 9.992705999999999e-1 1.9737563999999608e-7
9.939879759519038e-1 6.47788e-1 1.4710090560000094e-3 9.992563999999999e-1 1.90659040000015e-7
9.959919839679359e-1 6.484281999999999e-1 1.4886608447600255e-3 9.992636e-1 1.9411503999999876e-7
9.979959919839679e-1 6.487568e-1 1.4315788537600147e-3 9.9926e-1 1.9240000000001223e-7
1e0 6.486024e-1 1.4477027142400024e-3 9.992654e-1 1.9496283999998745e-7
