#{"compare":true,"complock":{"dynamic_bool":false,"lock_style":"None","lock_threshold":0.1,"release_threshold":0.05},"fraction":true,"graph_seed":875629289,"graph_type":{"Barabasi":[5,20]},"lambda_range":{"end":1.0,"start":0.0,"steps":200},"lockdown":{"dynamic_bool":true,"lock_style":{"LimitContacts":2},"lock_threshold":0.1,"release_threshold":0.05},"measure":"C","recovery_prob":0.14,"samples_per_step":5000,"sir_seed":1489264107025,"system_size":500}
#lambda meanWL varianceWL meanNL varianceNL
0e0 2e-3 0e0 2e-3 0e0
5.025125628140704e-3 4.8236e-3 1.258552830399972e-4 4.8236e-3 1.258552830399972e-4
1.0050251256281407e-2 2.87524e-2 4.881052294240293e-3 2.9101199999999997e-2 4.959714558560155e-3
1.507537688442211e-2 8.728960000000001e-2 2.0538167331839486e-2 9.415040000000001e-2 2.4801924579840946e-2
2.0100502512562814e-2 1.433192e-1 3.4239216511361296e-2 1.804504e-1 5.5500649939839414e-2
2.512562814070352e-2 2.049192e-1 4.791298867135973e-2 2.753576e-1 8.831454572224227e-2
3.015075376884422e-2 2.5589080000000003e-1 5.804512807536083e-2 3.627432e-1 1.1447622845375834e-1
3.5175879396984924e-2 3.0958199999999997e-1 6.554891407599958e-2 4.436792e-1 1.3361443788735997e-1
4.020100502512563e-2 3.60238e-1 7.114981775600214e-2 5.11008e-1 1.440910575359959e-1
4.522613065326633e-2 4.017536e-1 7.537492008703889e-2 5.616224e-1 1.5149453741824348e-1
5.025125628140704e-2 4.375368e-1 7.729988304575798e-2 6.165144e-1 1.51491407392641e-1
5.527638190954774e-2 4.742112e-1 7.80673969945583e-2 6.581355999999999e-1 1.5003055201263826e-1
6.030150753768844e-2 4.959592e-1 8.055613753535891e-2 6.914888e-1 1.4795813547455997e-1
6.532663316582915e-2 5.292908e-1 7.986455863535859e-2 7.276212000000001e-1 1.4073025731056e-1
7.035175879396985e-2 5.551532e-1 7.709610132975926e-2 7.432388e-1 1.4134953977455883e-1
7.537688442211055e-2 5.780911999999999e-1 7.526897088255899e-2 7.709772e-1 1.326966794801596e-1
8.040201005025126e-2 5.95596e-1 7.493243358399883e-2 7.98962e-1 1.2191150575599986e-1
8.542713567839195e-2 6.140196e-1 7.428550921583957e-2 8.066344e-1 1.2241751593664144e-1
9.045226130653267e-2 6.433624e-1 6.501328946624034e-2 8.191124e-1 1.1893998736624226e-1
9.547738693467336e-2 6.505068e-1 6.704715675375998e-2 8.318732e-1 1.1435395752176282e-1
1.0050251256281408e-1 6.612452e-1 6.667828867695985e-2 8.469896e-1 1.0705329589184157e-1
1.0552763819095477e-1 6.760223999999999e-1 6.410465069823902e-2 8.599783999999999e-1 1.0057979313343811e-1
1.1055276381909548e-1 6.890752e-1 6.117401354495905e-2 8.727804e-1 9.353873257584301e-2
1.1557788944723618e-1 7.037464e-1 5.657673568703944e-2 8.870176e-1 8.469951489024033e-2
1.2060301507537688e-1 7.134216e-1 5.540226385344026e-2 8.907032e-1 8.366839190975618e-2
1.2562814070351758e-1 7.205008e-1 5.413684839936051e-2 8.94856e-1 8.192683046399997e-2
1.306532663316583e-1 7.394364e-1 4.59745727550391e-2 9.001928e-1 7.919799322815689e-2
1.35678391959799e-1 7.410983999999999e-1 4.806288151743893e-2 9.075504e-1 7.440666345984036e-2
1.407035175879397e-1 7.484012e-1 4.693442703855976e-2 9.169632e-1 6.76834354457612e-2
1.457286432160804e-1 7.612416e-1 4.142889682944016e-2 9.18824e-1 6.71584874240005e-2
1.507537688442211e-1 7.602172e-1 4.513089922415929e-2 9.288692e-1 5.932583569136083e-2
1.5577889447236182e-1 7.7134e-1 3.952578680000059e-2 9.328864e-1 5.648613109504006e-2
1.6080402010050251e-1 7.779851999999999e-1 3.8136248580960486e-2 9.422419999999999e-1 4.9075057435999804e-2
1.658291457286432e-1 7.808912e-1 3.8639565762560085e-2 9.35706e-1 5.544475916399913e-2
1.708542713567839e-1 7.882652e-1 3.5594823268960206e-2 9.437340000000001e-1 4.884471084399998e-2
1.7587939698492464e-1 7.952859999999999e-1 3.1886655804e-2 9.448344e-1 4.836248777664028e-2
1.8090452261306533e-1 7.95468e-1 3.4781168175999966e-2 9.513112e-1 4.2855115954557696e-2
1.8592964824120603e-1 7.996015999999999e-1 3.3441897277439764e-2 9.522524e-1 4.2349356294240616e-2
1.9095477386934673e-1 8.06804e-1 3.0461822384000015e-2 9.520544e-1 4.292531384063987e-2
1.9597989949748743e-1 8.164872000000001e-1 2.4405690636160184e-2 9.584587999999999e-1 3.732135830255819e-2
2.0100502512562815e-1 8.168723999999999e-1 2.597080451824016e-2 9.551208e-1 4.061846220735779e-2
2.0603015075376885e-1 8.17858e-1 2.7744460635999616e-2 9.569048e-1 3.918032213696169e-2
2.1105527638190955e-1 8.19778e-1 2.7278023515999887e-2 9.604928e-1 3.608587074816042e-2
2.1608040201005024e-1 8.258272e-1 2.4586358940159436e-2 9.575448e-1 3.9034013592960035e-2
2.2110552763819097e-1 8.311344e-1 2.175590673663992e-2 9.682388e-1 2.926860137456274e-2
2.2613065326633167e-1 8.358479999999999e-1 1.9424399296000407e-2 9.649983999999999e-1 3.243396319744203e-2
2.3115577889447236e-1 8.374887999999999e-1 2.0600618674559857e-2 9.690915999999999e-1 2.8727214009440224e-2
2.3618090452261306e-1 8.404824e-1 1.9560645690240366e-2 9.721784e-1 2.5918425773441247e-2
2.4120603015075376e-1 8.424915999999999e-1 1.9012443929440338e-2 9.711084e-1 2.7052353049439655e-2
2.4623115577889448e-1 8.436764e-1 1.8942993683039783e-2 9.771784e-1 2.1386708973441044e-2
2.5125628140703515e-1 8.42452e-1 2.1267757295999733e-2 9.770756e-1 2.158393028464113e-2
2.562814070351759e-1 8.505036e-1 1.6182575987040076e-2 9.735552000000001e-1 2.4997109352959346e-2
2.613065326633166e-1 8.490772e-1 1.7931680440160146e-2 9.797696e-1 1.910951171583936e-2
2.663316582914573e-1 8.557016e-1 1.3799685357439969e-2 9.772476e-1 2.1593682694240782e-2
2.71356783919598e-1 8.542732e-1 1.7490866961760144e-2 9.824788e-1 1.662571875055925e-2
2.7638190954773867e-1 8.603404e-1 1.3452424127839936e-2 9.801556e-1 1.8927544588639267e-2
2.814070351758794e-1 8.573464000000001e-1 1.638807520703993e-2 9.823968e-1 1.682168574975966e-2
2.864321608040201e-1 8.637556e-1 1.184292506864008e-2 9.830276e-1 1.624421523824116e-2
2.914572864321608e-1 8.6287e-1 1.3633674300000027e-2 9.830836000000001e-1 1.6244353011038593e-2
2.964824120603015e-1 8.678144e-1 1.0986349552640077e-2 9.8412e-1 1.5285422400001537e-2
3.015075376884422e-1 8.699872000000001e-1 9.801729436160004e-3 9.819524000000001e-1 1.7400630534240204e-2
3.065326633165829e-1 8.693172e-1 1.0885272184159902e-2 9.85558e-1 1.3934527035999044e-2
3.1155778894472363e-1 8.715771999999999e-1 1.057461724016015e-2 9.875712e-1 1.1997358530561171e-2
3.165829145728643e-1 8.697196e-1 1.3215690175839992e-2 9.889892e-1 1.0632950283360545e-2
3.2160804020100503e-1 8.737440000000001e-1 1.0483521664000144e-2 9.862183999999999e-1 1.3352203501439421e-2
3.2663316582914576e-1 8.761104000000001e-1 8.969423011839901e-3 9.854120000000001e-1 1.4130132655999503e-2
3.316582914572864e-1 8.759428e-1 1.0213453528160082e-2 9.90432e-1 9.271301375999352e-3
3.3668341708542715e-1 8.761276e-1 1.083827251824018e-2 9.896576e-1 1.0051829962240875e-2
3.417085427135678e-1 8.817727999999999e-1 7.0224523801599515e-3 9.888832e-1 1.0831960757760533e-2
3.4673366834170855e-1 8.800268e-1 8.86201928176e-3 9.864919999999999e-1 1.3164287535998838e-2
3.5175879396984927e-1 8.832492e-1 7.178435499359983e-3 9.902888000000001e-1 9.467612594560332e-3
3.5678391959798994e-1 8.847128e-1 7.193232716160043e-3 9.909044e-1 8.880771660639759e-3
3.6180904522613067e-1 8.861051999999999e-1 6.421768932960043e-3 9.93322e-1 6.529222715999878e-3
3.6683417085427134e-1 8.852279999999999e-1 7.683298416000076e-3 9.917064e-1 8.098681799040247e-3
3.7185929648241206e-1 8.87734e-1 6.160944444000001e-3 9.905312000000001e-1 9.27216902655891e-3
3.768844221105528e-1 8.890636e-1 5.992647155040053e-3 9.9174e-1 8.098367600001034e-3
3.8190954773869346e-1 8.892856e-1 6.28885763263998e-3 9.93548e-1 6.332930096000269e-3
3.869346733668342e-1 8.911888e-1 5.503930754559973e-3 9.929408e-1 6.92155009536003e-3
3.9195979899497485e-1 8.896896000000001e-1 7.083950051839966e-3 9.923532e-1 7.510492049760027e-3
3.969849246231156e-1 8.924108e-1 5.863214443359849e-3 9.943536000000001e-1 5.545062167040206e-3
4.020100502512563e-1 8.945660000000001e-1 4.921070843999963e-3 9.931612e-1 6.724574014560683e-3
4.0703517587939697e-1 8.938668e-1 5.6738630577600115e-3 9.953608e-1 4.560196223360473e-3
4.120603015075377e-1 8.96848e-1 3.788666495999977e-3 9.949624e-1 4.9547409862397826e-3
4.1708542713567837e-1 8.959855999999999e-1 5.064593392640033e-3 9.953696e-1 4.560260195839981e-3
4.221105527638191e-1 8.966436e-1 4.44557217904008e-3 9.943759999999999e-1 5.546066624000091e-3
4.271356783919598e-1 8.995032e-1 2.8428587897600037e-3 9.93976e-1 5.939012223999147e-3
4.321608040201005e-1 8.985635999999999e-1 3.977151955039975e-3 9.961804e-1 3.770281855839933e-3
4.371859296482412e-1 8.994652e-1 4.298965988959991e-3 9.973759999999999e-1 2.5819882239996226e-3
4.4221105527638194e-1 8.992648000000001e-1 4.140390680959995e-3 9.949840000000001e-1 4.954913344000531e-3
4.472361809045226e-1 9.015452e-1 2.8502531569600162e-3 9.949852e-1 4.953327780960462e-3
4.5226130653266333e-1 9.010252000000001e-1 3.992164164960022e-3 9.969844000000001e-1 2.9781645566401035e-3
4.57286432160804e-1 9.022548e-1 3.1838110769599665e-3 9.975868e-1 2.3846220657599546e-3
4.623115577889447e-1 9.023504e-1 3.349565219839935e-3 9.967916e-1 3.1769485694398488e-3
4.6733668341708545e-1 9.043547999999999e-1 2.519193316959995e-3 9.983856e-1 1.5910369126400927e-3
4.723618090452261e-1 9.044216e-1 2.363316653440032e-3 9.979880000000001e-1 1.9879918559997482e-3
4.7738693467336685e-1 9.05216e-1 2.3700173440000375e-3 9.96596e-1 3.3748479839998935e-3
4.824120603015075e-1 9.061552e-1 1.875687912959994e-3 9.979872000000001e-1 1.9879902361599772e-3
4.8743718592964824e-1 9.061168000000001e-1 2.2259639577600064e-3 9.979956e-1 1.9880071806402037e-3
4.9246231155778897e-1 9.064992e-1 1.7440243993600134e-3 9.969908000000001e-1 2.9789871153598365e-3
4.9748743718592964e-1 9.0507e-1 3.177303900000061e-3 9.987944e-1 1.1937673286401057e-3
5.025125628140703e-1 9.067844e-1 2.2362799166399596e-3 9.971972e-1 2.780972312160172e-3
5.07537688442211e-1 9.078864e-1 1.079937495040004e-3 9.979924e-1 1.987203942240243e-3
5.125628140703518e-1 9.070844e-1 2.8724440766400537e-3 9.98596e-1 1.3924479840001075e-3
5.175879396984925e-1 9.08648e-1 1.5843896959999656e-3 9.97798e-1 2.185575996000078e-3
5.226130653266332e-1 9.099976000000001e-1 7.295007942399984e-4 9.987928e-1 1.193766668160062e-3
5.276381909547738e-1 9.089208e-1 1.7225249273599996e-3 9.987976e-1 1.1937686342401014e-3
5.326633165829145e-1 9.090732e-1 1.5478858417599971e-3 9.980004e-1 1.9880167998401997e-3
5.376884422110553e-1 9.091332e-1 1.744196657760006e-3 9.989964e-1 9.950079870400573e-4
5.42713567839196e-1 9.108655999999999e-1 1.388460336639993e-3 9.985992e-1 1.3924505593601335e-3
5.477386934673367e-1 9.102984000000001e-1 1.6884453574400073e-3 9.991984e-1 7.961670374400439e-4
5.527638190954773e-1 9.10574e-1 1.7247113239999997e-3 9.99596e-1 3.9824798400004053e-4
5.577889447236181e-1 9.103884000000001e-1 1.7351459454400205e-3 9.993988e-1 5.972457585600183e-4
5.628140703517588e-1 9.111971999999999e-1 1.05851791215999e-3 9.986008000000001e-1 1.3924518393599163e-3
5.678391959798995e-1 9.115848e-1 1.2330308089600378e-3 9.991988e-1 7.961668785600027e-4
5.728643216080402e-1 9.111663999999999e-1 1.864285911039994e-3 9.986012e-1 1.3924521585599878e-3
5.778894472361809e-1 9.124715999999999e-1 1.2300503934399962e-3 9.988003999999999e-1 1.1937697598399647e-3
5.829145728643216e-1 9.124768e-1 1.2235518617600121e-3 9.99398e-1 5.972463960000292e-4
5.879396984924623e-1 9.128892e-1 9.163605233600082e-4 9.997988e-1 1.991635185599795e-4
5.92964824120603e-1 9.1242e-1 7.586572000000001e-4 9.989984e-1 9.950079974400566e-4
5.979899497487438e-1 9.131988e-1 1.221973278559994e-3 9.99e-1 9.950080000000622e-4
6.030150753768844e-1 9.125684e-1 1.0811977214400077e-3 9.995996e-1 3.9824367984000965e-4
6.080402010050251e-1 9.134092e-1 7.311461553599982e-4 9.997992e-1 1.9916287936002277e-4
6.130653266331658e-1 9.130940000000001e-1 7.180599640000025e-4 9.992012e-1 7.961659185599973e-4
6.180904522613065e-1 9.128888e-1 1.7287780345600088e-3 9.992008e-1 7.961660793599759e-4
6.231155778894473e-1 9.136903999999999e-1 1.362995347840009e-3 1e0 0e0
6.28140703517588e-1 9.141395999999999e-1 1.0576037118400258e-3 9.992008e-1 7.961660793599474e-4
6.331658291457286e-1 9.140496e-1 1.216983139840026e-3 9.994004e-1 5.972444798400096e-4
6.381909547738693e-1 9.147784e-1 7.215828934399968e-4 9.996004000000001e-1 3.982427198399956e-4
6.432160804020101e-1 9.149636e-1 8.921762750399937e-4 9.997999999999999e-1 1.9916159999999126e-4
6.482412060301508e-1 9.153004e-1 5.648857598399947e-4 9.997984e-1 1.991641574399959e-4
6.532663316582915e-1 9.153688e-1 5.418063865599892e-4 9.996e-1 3.982431999999779e-4
6.582914572864321e-1 9.1623e-1 7.157734999999886e-4 9.997999999999999e-1 1.9916159999998776e-4
6.633165829145728e-1 9.164880000000001e-1 5.368242560000075e-4 9.998003999999999e-1 1.991609598399937e-4
6.683417085427136e-1 9.161427999999999e-1 7.165164081600084e-4 1e0 0e0
6.733668341708543e-1 9.16278e-1 7.139683159999848e-4 1e0 0e0
6.78391959798995e-1 9.162488e-1 6.859172985599773e-4 9.994008e-1 5.972441593600185e-4
6.834170854271356e-1 9.160888e-1 7.03040114559997e-4 9.997999999999999e-1 1.9916159999998348e-4
6.884422110552764e-1 9.168488e-1 7.000523385599995e-4 9.998003999999999e-1 1.9916095983998444e-4
6.934673366834171e-1 9.169596e-1 8.784431678400045e-4 9.998003999999999e-1 1.9916095983999377e-4
6.984924623115578e-1 9.169044000000001e-1 7.00302860639985e-4 9.999996e-1 7.998399999998412e-10
7.035175879396985e-1 9.175444e-1 5.419196286400071e-4 9.998003999999999e-1 1.991609598399533e-4
7.085427135678392e-1 9.174384e-1 5.320574054399945e-4 1e0 0e0
7.135678391959799e-1 9.178419999999999e-1 7.033326359999933e-4 1e0 0e0
7.185929648241206e-1 9.176603999999999e-1 7.177494718399966e-4 9.999996e-1 7.998399999999706e-10
7.236180904522613e-1 9.177852000000001e-1 5.29713060959998e-4 1e0 0e0
7.286432160804021e-1 9.190072e-1 5.218335481599978e-4 9.999996e-1 7.99839999999747e-10
7.336683417085427e-1 9.187928000000001e-1 5.146450681600024e-4 1e0 0e0
7.386934673366834e-1 9.191868e-1 5.171267057599867e-4 1e0 0e0
7.437185929648241e-1 9.18924e-1 5.371766239999926e-4 1e0 0e0
7.487437185929648e-1 9.191188e-1 5.14776286560004e-4 1e0 0e0
7.537688442211056e-1 9.188848000000001e-1 8.757899289599864e-4 9.998003999999999e-1 1.9916095983998452e-4
7.587939698492462e-1 9.19672e-1 5.28145215999987e-4 1e0 0e0
7.638190954773869e-1 9.19682e-1 5.118516759999912e-4 1e0 0e0
7.688442211055276e-1 9.19824e-1 6.884442240000037e-4 9.998003999999999e-1 1.9916095983996647e-4
7.738693467336684e-1 9.191816e-1 5.212006214400068e-4 1e0 0e0
7.788944723618091e-1 9.206040000000001e-1 5.225663839999959e-4 1e0 0e0
7.839195979899497e-1 9.200472e-1 5.190873721600046e-4 1e0 0e0
7.889447236180904e-1 9.208372e-1 6.777094961599829e-4 1e0 0e0
7.939698492462312e-1 9.20962e-1 5.125297560000012e-4 1e0 0e0
7.989949748743719e-1 9.207544000000001e-1 5.26696480640004e-4 1e0 0e0
8.040201005025126e-1 9.211552000000001e-1 5.282831129600031e-4 1e0 0e0
8.090452261306532e-1 9.208944e-1 5.075600486399986e-4 1e0 0e0
8.140703517587939e-1 9.212432e-1 5.00929653759994e-4 1e0 0e0
8.190954773869347e-1 9.208784000000001e-1 5.374796134400033e-4 1e0 0e0
8.241206030150754e-1 9.214996e-1 5.154991998399971e-4 1e0 0e0
8.291457286432161e-1 9.219768e-1 4.972298617599989e-4 1e0 0e0
8.341708542713567e-1 9.216668e-1 4.936065777599958e-4 1e0 0e0
8.391959798994975e-1 9.222948e-1 4.937954929600074e-4 1e0 0e0
8.442211055276382e-1 9.226728000000001e-1 5.036049401600092e-4 1e0 0e0
8.492462311557789e-1 9.222596e-1 4.995302078399955e-4 1e0 0e0
8.542713567839196e-1 9.224072e-1 4.966725881599921e-4 1e0 0e0
8.592964824120602e-1 9.230364e-1 4.855986750400013e-4 1e0 0e0
8.64321608040201e-1 9.226432e-1 4.892598937600058e-4 1e0 0e0
8.693467336683417e-1 9.23172e-1 4.7409041599999913e-4 1e0 0e0
8.743718592964824e-1 9.225476e-1 4.829121342400064e-4 1e0 0e0
8.793969849246231e-1 9.233832e-1 4.969123577599973e-4 1e0 0e0
8.844221105527639e-1 9.229928e-1 4.916047481599955e-4 1e0 0e0
8.894472361809045e-1 9.233511999999999e-1 4.8552305855999303e-4 1e0 0e0
8.944723618090452e-1 9.236464e-1 4.7552136704000566e-4 1e0 0e0
8.994974874371859e-1 9.241476e-1 4.8483181424000286e-4 1e0 0e0
9.045226130653267e-1 9.242884e-1 4.729176254400027e-4 1e0 0e0
9.095477386934674e-1 9.238296e-1 4.785437638400002e-4 1e0 0e0
9.14572864321608e-1 9.243024000000001e-1 4.5558375423999616e-4 1e0 0e0
9.195979899497487e-1 9.248168e-1 4.647216377599899e-4 1e0 0e0
9.246231155778895e-1 9.240884e-1 4.5198338543999664e-4 1e0 0e0
9.296482412060302e-1 9.25206e-1 4.492231640000063e-4 1e0 0e0
9.346733668341709e-1 9.244236e-1 4.5705336303998996e-4 1e0 0e0
9.396984924623115e-1 9.248407999999999e-1 4.5239545535999534e-4 1e0 0e0
9.447236180904522e-1 9.254464e-1 4.605847270399999e-4 1e0 0e0
9.49748743718593e-1 9.251828000000001e-1 4.4773938415999657e-4 1e0 0e0
9.547738693467337e-1 9.25606e-1 4.3842796400000105e-4 1e0 0e0
9.597989949748744e-1 9.2562e-1 4.40005999999991e-4 1e0 0e0
9.64824120603015e-1 9.259008e-1 4.510237593599924e-4 1e0 0e0
9.698492462311558e-1 9.263680000000001e-1 4.1801497600000507e-4 1e0 0e0
9.748743718592965e-1 9.269708000000001e-1 4.189991473600019e-4 1e0 0e0
9.798994974874372e-1 9.258636e-1 4.395133950399889e-4 1e0 0e0
9.849246231155779e-1 9.263248e-1 4.212065049599998e-4 1e0 0e0
9.899497487437185e-1 9.262544e-1 4.3577048064000364e-4 1e0 0e0
9.949748743718593e-1 9.273036e-1 4.2645982703999846e-4 1e0 0e0
1e0 9.270444e-1 4.2453402863999924e-4 1e0 0e0
