#{"compare":true,"complock":{"dynamic_bool":false,"lock_style":{"Random":[123131315,0.6]},"lock_threshold":0.1,"release_threshold":0.05},"fraction":true,"graph_seed":875629289,"graph_type":{"Barabasi":[2,10]},"lambda_range":{"end":1.0,"start":0.0,"steps":250},"lockdown":{"dynamic_bool":true,"lock_style":"Targeted","lock_threshold":0.1,"release_threshold":0.05},"measure":"C","recovery_prob":0.14,"samples_per_step":5000,"sir_seed":1489264107025,"system_size":200}
#lambda meanWL varianceWL meanNL varianceNL
0e0 5e-3 0e0 5e-3 0e0
4.016064257028112e-3 5.782000000000001e-3 1.0288476000000467e-5 5.827e-3 1.2691071000001242e-5
8.032128514056224e-3 7.35e-3 8.64675000000052e-5 7.444999999999999e-3 8.973697500000441e-5
1.2048192771084338e-2 1.0690999999999999e-2 3.9566751899999374e-4 1.0638000000000002e-2 3.5483295600002027e-4
1.606425702811245e-2 1.4624999999999999e-2 9.309443750000124e-4 1.5724000000000002e-2 1.1430858240000397e-3
2.0080321285140562e-2 2.1709999999999997e-2 2.2881658999999188e-3 2.178e-2 2.264361600000076e-3
2.4096385542168676e-2 3.1756e-2 4.360316463999832e-3 3.0194000000000002e-2 4.068982363999863e-3
2.8112449799196786e-2 4.1513e-2 6.590225830999975e-3 4.4755e-2 7.24589497499971e-3
3.21285140562249e-2 5.4683999999999996e-2 9.27722014400018e-3 5.2737e-2 9.258903830999903e-3
3.614457831325301e-2 6.6359e-2 1.1984428118999331e-2 6.8961e-2 1.3036825478999668e-2
4.0160642570281124e-2 8.0589e-2 1.5251408079000143e-2 8.187900000000001e-2 1.5589494358999183e-2
4.417670682730924e-2 9.3578e-2 1.77385179159997e-2 9.7886e-2 1.903507100399995e-2
4.819277108433735e-2 1.02393e-1 1.972866855099959e-2 1.0662100000000001e-1 2.1196527358999094e-2
5.220883534136546e-2 1.12642e-1 2.1744389835999085e-2 1.20374e-1 2.4096860123998916e-2
5.622489959839357e-2 1.26414e-1 2.4097820603999575e-2 1.36149e-1 2.69612347990003e-2
6.0240963855421686e-2 1.45764e-1 2.6869736303999046e-2 1.52008e-1 2.89951879360005e-2
6.42570281124498e-2 1.53859e-1 2.8892493118998278e-2 1.62558e-1 3.1625056636001264e-2
6.827309236947791e-2 1.6412700000000002e-1 3.0589582870999898e-2 1.7144500000000001e-1 3.326596697500128e-2
7.228915662650602e-2 1.73659e-1 3.220963671900092e-2 1.85503e-1 3.546672199100142e-2
7.630522088353414e-2 1.9061399999999998e-1 3.340488300400033e-2 1.97351e-1 3.774365779899971e-2
8.032128514056225e-2 1.9814299999999999e-1 3.511220655100015e-2 2.11725e-1 3.9026279374999355e-2
8.433734939759036e-2 2.08589e-1 3.576698407899989e-2 2.24878e-1 4.095872511600076e-2
8.835341365461848e-2 2.1705e-1 3.688270750000076e-2 2.41565e-1 4.248291577499897e-2
9.236947791164658e-2 2.21172e-1 3.802282641600044e-2 2.51119e-1 4.426870283900106e-2
9.63855421686747e-2 2.32757e-1 3.8496593950999386e-2 2.57609e-1 4.53147581189998e-2
1.0040160642570281e-1 2.3994e-1 4.012718640000075e-2 2.71075e-1 4.6225939375001e-2
1.0441767068273092e-1 2.47373e-1 4.0194043871000805e-2 2.80643e-1 4.7702181551001165e-2
1.0843373493975904e-1 2.62304e-1 4.014988158399951e-2 2.90487e-1 4.9001827831000995e-2
1.1244979919678715e-1 2.70588e-1 4.0823874256001105e-2 3.0618300000000004e-1 4.945695551099916e-2
1.1646586345381527e-1 2.7975e-1 4.151373750000024e-2 3.1516e-1 5.03137944000003e-2
1.2048192771084337e-1 2.85641e-1 4.124514411899899e-2 3.26841e-1 5.0614815718999756e-2
1.2449799196787148e-1 2.92498e-1 4.2360389995999774e-2 3.3974499999999996e-1 5.0276859975001524e-2
1.285140562248996e-1 3.01409e-1 4.170576971899902e-2 3.4376399999999996e-1 5.168609230399917e-2
1.3253012048192772e-1 3.10668e-1 4.172077377600053e-2 3.55221e-1 5.2347226158999866e-2
1.3654618473895583e-1 3.1454e-1 4.2693128399999065e-2 3.66145e-1 5.2070973974999275e-2
1.4056224899598393e-1 3.17161e-1 4.321384507900056e-2 3.6880899999999994e-1 5.335840651900055e-2
1.4457831325301204e-1 3.29448e-1 4.1739865295999434e-2 3.7666200000000005e-1 5.4386697755999684e-2
1.4859437751004015e-1 3.38158e-1 4.104946703600004e-2 3.88553e-1 5.332299119099973e-2
1.5261044176706828e-1 3.4131999999999996e-1 4.200449759999897e-2 4.0096600000000004e-1 5.2518376843999987e-2
1.566265060240964e-1 3.4655e-1 4.132385750000022e-2 4.13144e-1 5.1291515263998895e-2
1.606425702811245e-1 3.5369500000000004e-1 4.168330197500006e-2 4.11602e-1 5.400765359600011e-2
1.646586345381526e-1 3.5877000000000003e-1 4.1003447099999764e-2 4.23703e-1 5.333430279099989e-2
1.686746987951807e-1 3.60884e-1 4.16869985439999e-2 4.33001e-1 5.1746278998999536e-2
1.7269076305220885e-1 3.71783e-1 4.1231415910999714e-2 4.40006e-1 5.219270996399971e-2
1.7670682730923695e-1 3.7451900000000005e-1 4.101998363900011e-2 4.4661700000000004e-1 5.225120031099972e-2
1.8072289156626506e-1 3.82504e-1 4.003060998400108e-2 4.48204e-1 5.389737438400024e-2
1.8473895582329317e-1 3.82948e-1 4.141296929600094e-2 4.6083799999999997e-1 5.1666407755999524e-2
1.8875502008032127e-1 3.8681800000000005e-1 4.0446454876000335e-2 4.67603e-1 5.0045539390999e-2
1.927710843373494e-1 3.9552e-1 4.0461869600000235e-2 4.6817100000000006e-1 5.305223975899911e-2
1.9678714859437751e-1 3.97751e-1 3.9178836998999704e-2 4.77293e-1 5.1270327150999245e-2
2.0080321285140562e-1 4.04959e-1 3.9526253319000684e-2 4.84812e-1 5.007200465599978e-2
2.0481927710843373e-1 4.06645e-1 3.836218897500103e-2 4.93315e-1 4.977721577500037e-2
2.0883534136546184e-1 4.10475e-1 3.876904937500085e-2 4.9425600000000003e-1 5.042871646399996e-2
2.1285140562248997e-1 4.09342e-1 3.951743703599867e-2 4.96573e-1 5.17345206710006e-2
2.1686746987951808e-1 4.17344e-1 3.804880566399997e-2 5.05245e-1 5.009034497499967e-2
2.2088353413654618e-1 4.28171e-1 3.631489975899906e-2 5.095810000000001e-1 5.000456943900125e-2
2.248995983935743e-1 4.23466e-1 3.804453684399931e-2 5.14266e-1 5.054779124399994e-2
2.289156626506024e-1 4.30693e-1 3.622391475100026e-2 5.14498e-1 5.131422799599919e-2
2.3293172690763053e-1 4.32329e-1 3.6754720759000346e-2 5.32898e-1 4.6079881595999975e-2
2.3694779116465864e-1 4.39412e-1 3.548232425600003e-2 5.33666e-1 4.658523044399978e-2
2.4096385542168675e-1 4.3939700000000004e-1 3.683097139099938e-2 5.362169999999999e-1 4.626476391099879e-2
2.4497991967871485e-1 4.52474e-1 3.343791932400042e-2 5.37327e-1 4.7953760070999135e-2
2.4899598393574296e-1 4.47235e-1 3.547068977500034e-2 5.483939999999999e-1 4.506725076399955e-2
2.5301204819277107e-1 4.50334e-1 3.507524844399997e-2 5.5236e-1 4.4504910400000194e-2
2.570281124497992e-1 4.55304e-1 3.351630758399998e-2 5.538069999999999e-1 4.485177175099951e-2
2.6104417670682734e-1 4.5745399999999997e-1 3.425973788400026e-2 5.5995e-1 4.416330749999847e-2
2.6506024096385544e-1 4.59603e-1 3.381629739100037e-2 5.66897e-1 4.254849639100074e-2
2.6907630522088355e-1 4.6646299999999996e-1 3.246796463100019e-2 5.64847e-1 4.490913159100007e-2
2.7309236947791166e-1 4.65527e-1 3.276733727100049e-2 5.70677e-1 4.371659667100031e-2
2.7710843373493976e-1 4.67472e-1 3.322921921599945e-2 5.76148e-1 4.2833642095999803e-2
2.8112449799196787e-1 4.68636e-1 3.341539950400014e-2 5.87046e-1 3.90070038840003e-2
2.85140562248996e-1 4.74985e-1 3.0411024774999764e-2 5.88113e-1 3.928618423099973e-2
2.891566265060241e-1 4.7544400000000003e-1 3.2147262863999965e-2 5.95479e-1 3.7866695559000914e-2
2.931726907630522e-1 4.78089e-1 3.13083830789999e-2 5.91923e-1 4.0181907071000195e-2
2.971887550200803e-1 4.79358e-1 3.031852783599975e-2 5.9834e-1 3.8535564400000416e-2
3.0120481927710846e-1 4.84272e-1 2.9935050016000202e-2 5.99975e-1 3.825062437499936e-2
3.0522088353413657e-1 4.8944200000000004e-1 2.970248863599998e-2 6.04803e-1 3.7393036190999734e-2
3.092369477911647e-1 4.90402e-1 2.8357628395999986e-2 6.074090000000001e-1 3.744843171899985e-2
3.132530120481928e-1 4.90374e-1 2.935376012399974e-2 6.08383e-1 3.806684031100034e-2
3.172690763052209e-1 4.93345e-1 2.8699625974999914e-2 6.14312e-1 3.629325665599953e-2
3.21285140562249e-1 4.99985e-1 2.6778184774999794e-2 6.17882e-1 3.607151407599925e-2
3.253012048192771e-1 5.00107e-1 2.7461803551000134e-2 6.17027e-1 3.7934686270999704e-2
3.293172690763052e-1 5.01788e-1 2.717882305599954e-2 6.22059e-1 3.5740335518999924e-2
3.333333333333333e-1 5.01864e-1 2.7399605504000266e-2 6.24362e-1 3.6275542956000516e-2
3.373493975903614e-1 5.019279999999999e-1 2.8008292815999796e-2 6.32292e-1 3.314437673600045e-2
3.413654618473896e-1 5.06494e-1 2.725832796400008e-2 6.34056e-1 3.356827886399946e-2
3.453815261044177e-1 5.14319e-1 2.3044031239000482e-2 6.31487e-1 3.511148383100009e-2
3.493975903614458e-1 5.12605e-1 2.541490897500044e-2 6.37736e-1 3.3115034304000104e-2
3.534136546184739e-1 5.133679999999999e-1 2.5876076575999985e-2 6.36772e-1 3.541820001599933e-2
3.57429718875502e-1 5.12058e-1 2.485622463599987e-2 6.46074e-1 3.1196606524000078e-2
3.614457831325301e-1 5.19927e-1 2.413842967099954e-2 6.46058e-1 3.2581800635999976e-2
3.654618473895582e-1 5.178889999999999e-1 2.433329867899994e-2 6.47759e-1 3.1978852919000385e-2
3.6947791164658633e-1 5.191680000000001e-1 2.4636387775999854e-2 6.51799e-1 3.0563638598999684e-2
3.7349397590361444e-1 5.220199999999999e-1 2.528805960000048e-2 6.48731e-1 3.334558463899939e-2
3.7751004016064255e-1 5.23644e-1 2.5419351263999437e-2 6.55272e-1 3.0429086016000115e-2
3.815261044176707e-1 5.283359999999999e-1 2.2983551103999772e-2 6.599630000000001e-1 2.9196643630999965e-2
3.855421686746988e-1 5.25579e-1 2.375876975900012e-2 6.67532e-1 2.5738518975999842e-2
3.895582329317269e-1 5.30408e-1 2.2225613536000142e-2 6.64033e-1 2.8283359911000214e-2
3.9357429718875503e-1 5.320360000000001e-1 2.2250824703999587e-2 6.68516e-1 2.647834774399997e-2
3.9759036144578314e-1 5.33352e-1 2.2713344096000263e-2 6.65537e-1 2.9337326631000037e-2
4.0160642570281124e-1 5.35927e-1 2.1612095670999747e-2 6.74941e-1 2.4664571518999878e-2
4.0562248995983935e-1 5.36404e-1 2.1266168783999978e-2 6.75142e-1 2.551686983600039e-2
4.0963855421686746e-1 5.34235e-1 2.2588859774999533e-2 6.776380000000001e-1 2.416863095600018e-2
4.1365461847389556e-1 5.37048e-1 2.1916455695999773e-2 6.77263e-1 2.5557053831000164e-2
4.1767068273092367e-1 5.38057e-1 2.2409799750999847e-2 6.825589999999999e-1 2.2870056518999447e-2
4.2168674698795183e-1 5.42336e-1 2.110064310399963e-2 6.839449999999999e-1 2.395482197499992e-2
4.2570281124497994e-1 5.4428e-1 2.1553081599999854e-2 6.852469999999999e-1 2.2944363991000062e-2
4.2971887550200805e-1 5.427620000000001e-1 2.176918135599981e-2 6.845910000000001e-1 2.444104771900009e-2
4.3373493975903615e-1 5.46743e-1 1.9515226951000154e-2 6.851210000000001e-1 2.4455540358999786e-2
4.3775100401606426e-1 5.43338e-1 2.1574657755999926e-2 6.89937e-1 2.3010651030999925e-2
4.4176706827309237e-1 5.49436e-1 1.907785190400025e-2 6.91171e-1 2.320292375899986e-2
4.457831325301205e-1 5.51121e-1 1.847105835900017e-2 6.92733e-1 2.2780915711000053e-2
4.497991967871486e-1 5.52333e-1 1.843262211100008e-2 6.958719999999999e-1 2.1797619615999807e-2
4.538152610441767e-1 5.5437e-1 1.856374310000029e-2 7.03408e-1 1.7791195536000073e-2
4.578313253012048e-1 5.53974e-1 1.8975027324000058e-2 6.98637e-1 2.1296657231000177e-2
4.6184738955823296e-1 5.54921e-1 1.9599028759000298e-2 7.02094e-1 1.991665516399948e-2
4.6586345381526106e-1 5.54431e-1 1.903100123899994e-2 7.02817e-1 1.955583951099983e-2
4.6987951807228917e-1 5.58782e-1 1.8693136475999704e-2 7.005029999999999e-1 2.1592711991000355e-2
4.738955823293173e-1 5.59975e-1 1.7503794374999777e-2 7.010219999999999e-1 2.1575695515999978e-2
4.779116465863454e-1 5.63102e-1 1.6455187596000006e-2 7.073820000000001e-1 1.958685607599965e-2
4.819277108433735e-1 5.6461e-1 1.6425377899999906e-2 7.089190000000001e-1 1.8040406439000217e-2
4.859437751004016e-1 5.64028e-1 1.768204521600001e-2 7.09905e-1 1.8512265975000223e-2
4.899598393574297e-1 5.650390000000001e-1 1.7043783479000166e-2 7.10333e-1 1.9087704110999974e-2
4.939759036144578e-1 5.63656e-1 1.772076366400003e-2 7.12883e-1 1.7729943311000047e-2
4.979919678714859e-1 5.66271e-1 1.730552955899993e-2 7.11524e-1 1.9338607424000318e-2
5.020080321285141e-1 5.70062e-1 1.541602615599997e-2 7.1477e-1 1.8022447100000248e-2
5.060240963855421e-1 5.70188e-1 1.579412465600001e-2 7.16704e-1 1.7844276383999953e-2
5.100401606425703e-1 5.71779e-1 1.5245270158999766e-2 7.17886e-1 1.6790421004000366e-2
5.140562248995983e-1 5.744060000000001e-1 1.5290127164000092e-2 7.20872e-1 1.600102961599982e-2
5.180722891566265e-1 5.71704e-1 1.6587346384000008e-2 7.238120000000001e-1 1.5882628656000077e-2
5.220883534136547e-1 5.757909999999999e-1 1.5150139318999958e-2 7.20783e-1 1.6445491911e-2
5.261044176706827e-1 5.77027e-1 1.493944627100009e-2 7.23156e-1 1.6008609663999942e-2
5.301204819277109e-1 5.78217e-1 1.4383765910999931e-2 7.24225e-1 1.5874784374999958e-2
5.341365461847389e-1 5.78189e-1 1.59030352790002e-2 7.23302e-1 1.7388716795999737e-2
5.381526104417671e-1 5.77967e-1 1.4875661910999927e-2 7.27562e-1 1.5654246155999942e-2
5.421686746987951e-1 5.79452e-1 1.4201029696000091e-2 7.28826e-1 1.4788081724000245e-2
5.461847389558233e-1 5.80275e-1 1.3620059374999993e-2 7.2821e-1 1.4968285899999873e-2
5.502008032128514e-1 5.81345e-1 1.4229635974999997e-2 7.30424e-1 1.44102802239998e-2
5.542168674698795e-1 5.81472e-1 1.4223243215999904e-2 7.33182e-1 1.3719434876000108e-2
5.582329317269076e-1 5.8243e-1 1.472053510000002e-2 7.3123e-1 1.4321377099999722e-2
5.622489959839357e-1 5.83548e-1 1.4177181695999918e-2 7.32936e-1 1.4338989903999929e-2
5.662650602409639e-1 5.86721e-1 1.2904493159000156e-2 7.34884e-1 1.3829366543999922e-2
5.70281124497992e-1 5.87875e-1 1.247723937499994e-2 7.354040000000001e-1 1.2963996784000219e-2
5.742971887550201e-1 5.8541e-1 1.3582521900000115e-2 7.35475e-1 1.3538599375000016e-2
5.783132530120482e-1 5.88252e-1 1.344508449599999e-2 7.409910000000001e-1 1.0895332919000128e-2
5.823293172690763e-1 5.855400000000001e-1 1.3595598400000073e-2 7.40819e-1 1.1989084238999734e-2
5.863453815261044e-1 5.88654e-1 1.3276168283999943e-2 7.37744e-1 1.2926430464000082e-2
5.903614457831325e-1 5.90578e-1 1.233895591599973e-2 7.42808e-1 1.1228115135999917e-2
5.943775100401606e-1 5.913660000000001e-1 1.3134664044000115e-2 7.407389999999999e-1 1.2313358879000272e-2
5.983935742971888e-1 5.92541e-1 1.2388828319000067e-2 7.40084e-1 1.2999832944000003e-2
6.024096385542169e-1 5.93294e-1 1.2523049564000105e-2 7.435339999999999e-1 1.1414710844000024e-2
6.06425702811245e-1 5.93815e-1 1.1851090775000229e-2 7.4396e-1 1.0967738399999977e-2
6.104417670682731e-1 5.949519999999999e-1 1.1571347696000043e-2 7.45034e-1 1.1291828843999948e-2
6.144578313253012e-1 5.94943e-1 1.2640071751000195e-2 7.44811e-1 1.1928879279000089e-2
6.184738955823293e-1 5.95168e-1 1.2426501776000047e-2 7.45858e-1 1.0830673835999928e-2
6.224899598393574e-1 5.95886e-1 1.1977245003999982e-2 7.48788e-1 9.496391056000086e-3
6.265060240963856e-1 5.94275e-1 1.2487849375000054e-2 7.479340000000001e-1 1.077049164400001e-2
6.305220883534136e-1 5.96653e-1 1.224351259099991e-2 7.485620000000001e-1 1.0773282155999889e-2
6.345381526104418e-1 5.96256e-1 1.1275452464000062e-2 7.49536e-1 1.0337134704000096e-2
6.385542168674698e-1 5.961719999999999e-1 1.2304246416000194e-2 7.51636e-1 8.83541350399983e-3
6.42570281124498e-1 5.98582e-1 1.2035629276000033e-2 7.5299e-1 8.701179899999972e-3
6.465863453815262e-1 5.98547e-1 1.260199379100007e-2 7.55515e-1 7.396819774999972e-3
6.506024096385542e-1 5.98726e-1 1.1723306924000036e-2 7.53433e-1 8.084729511000071e-3
6.546184738955824e-1 5.97442e-1 1.230803663599985e-2 7.53873e-1 8.6016948710001e-3
6.586345381526104e-1 5.99977e-1 1.1395054471000076e-2 7.5453e-1 8.654919099999978e-3
6.626506024096386e-1 6.02448e-1 1.0956357295999898e-2 7.547419999999999e-1 8.030143435999946e-3
6.666666666666666e-1 6.01532e-1 1.2038452975999963e-2 7.530800000000001e-1 9.83066360000006e-3
6.706827309236948e-1 6.02318e-1 1.0723946875999908e-2 7.55258e-1 8.224393435999925e-3
6.746987951807228e-1 6.03724e-1 1.0406831823999898e-2 7.56334e-1 7.990810444000032e-3
6.78714859437751e-1 6.021500000000001e-1 1.157365750000008e-2 7.57315e-1 7.762055774999952e-3
6.827309236947792e-1 6.01737e-1 1.1408987830999926e-2 7.565919999999999e-1 7.249445536000006e-3
6.867469879518072e-1 6.042390000000001e-1 1.1210415878999888e-2 7.575780000000001e-1 8.110753915999873e-3
6.907630522088354e-1 6.052839999999999e-1 1.0819559344000196e-2 7.58659e-1 7.56001671899989e-3
6.947791164658634e-1 6.05315e-1 1.0770785774999942e-2 7.59558e-1 6.815634635999931e-3
6.987951807228916e-1 6.04158e-1 1.0913681036000074e-2 7.589440000000001e-1 7.698594864000043e-3
7.028112449799196e-1 6.04731e-1 1.0088602638999897e-2 7.62404e-1 6.1483807840000395e-3
7.068273092369478e-1 6.0517e-1 1.0702651099999917e-2 7.60227e-1 7.371873470999877e-3
7.108433734939759e-1 6.05979e-1 9.95345655899994e-3 7.604470000000001e-1 6.511565190999925e-3
7.14859437751004e-1 6.075849999999999e-1 1.0321012774999978e-2 7.601309999999999e-1 7.008337838999913e-3
7.188755020080321e-1 6.05549e-1 1.0756743599000175e-2 7.63963e-1 5.4796196309999864e-3
7.228915662650602e-1 6.07429e-1 1.0214214959000125e-2 7.630079999999999e-1 5.854401936000123e-3
7.269076305220884e-1 6.08097e-1 1.0118493590999748e-2 7.630370000000001e-1 5.512971630999922e-3
7.309236947791165e-1 6.07816e-1 9.803330143999955e-3 7.64536e-1 5.159544704000085e-3
7.349397590361446e-1 6.06399e-1 1.0040987799000013e-2 7.632899999999999e-1 5.7318259000000375e-3
7.389558232931727e-1 6.08748e-1 1.0198652496000101e-2 7.63485e-1 4.781119775000006e-3
7.429718875502008e-1 6.094930000000001e-1 9.83686795099992e-3 7.63819e-1 6.125180238999929e-3
7.469879518072289e-1 6.07869e-1 9.840573838999995e-3 7.64648e-1 5.480456096000027e-3
7.51004016064257e-1 6.07787e-1 9.52719763100009e-3 7.64484e-1 5.470093743999976e-3
7.550200803212851e-1 6.093160000000001e-1 9.251462143999883e-3 7.65864e-1 4.7183235039999685e-3
7.590361445783133e-1 6.07458e-1 1.0686508236000111e-2 7.641519999999999e-1 6.280590896000072e-3
7.630522088353414e-1 6.0877e-1 9.711587099999858e-3 7.65313e-1 5.485677031000138e-3
7.670682730923695e-1 6.10232e-1 9.257856176000015e-3 7.65693e-1 4.496434750999969e-3
7.710843373493976e-1 6.09322e-1 9.606050315999978e-3 7.6569e-1 5.162993899999878e-3
7.751004016064257e-1 6.108100000000001e-1 9.014003900000055e-3 7.668269999999999e-1 4.434387071000187e-3
7.791164658634538e-1 6.106539999999999e-1 9.294892284000012e-3 7.684340000000001e-1 4.083877644000011e-3
7.831325301204819e-1 6.12548e-1 9.223097696000118e-3 7.66794e-1 5.378881564000034e-3
7.871485943775101e-1 6.12039e-1 9.597827479000084e-3 7.66763e-1 4.388156831000028e-3
7.911646586345381e-1 6.110289999999999e-1 9.171506159000023e-3 7.67755e-1 3.952074974999997e-3
7.951807228915663e-1 6.12511e-1 9.200609879000059e-3 7.686660000000001e-1 3.8563604439999393e-3
7.991967871485943e-1 6.13116e-1 8.938760543999974e-3 7.68613e-1 4.4568212309999584e-3
8.032128514056225e-1 6.14447e-1 9.053559191000055e-3 7.68853e-1 3.090279391000043e-3
8.072289156626506e-1 6.12934e-1 8.382731643999905e-3 7.7164e-1 3.210900400000045e-3
8.112449799196787e-1 6.12958e-1 8.691910235999958e-3 7.706820000000001e-1 3.149414876000021e-3
8.152610441767069e-1 6.14066e-1 8.530917644000106e-3 7.708280000000001e-1 3.591964416000045e-3
8.192771084337349e-1 6.12373e-1 9.080323871000204e-3 7.698990000000001e-1 3.2587047989999698e-3
8.232931726907631e-1 6.11612e-1 8.952401455999903e-3 7.70785e-1 2.9031387749999787e-3
8.273092369477911e-1 6.11689e-1 8.707832278999916e-3 7.712399999999999e-1 2.9087123999999454e-3
8.313253012048193e-1 6.10986e-1 8.659897803999882e-3 7.70985e-1 2.617574775000068e-3
8.353413654618473e-1 6.12206e-1 9.199813563999962e-3 7.72228e-1 2.8481260160000007e-3
8.393574297188755e-1 6.12292e-1 8.909736736000104e-3 7.73024e-1 2.553025423999985e-3
8.433734939759037e-1 6.13815e-1 8.698300775000084e-3 7.72782e-1 2.6284804760000474e-3
8.473895582329317e-1 6.14248e-1 8.46288449600018e-3 7.731629999999999e-1 2.733800430999947e-3
8.514056224899599e-1 6.14343e-1 8.638563350999889e-3 7.726139999999999e-1 2.556457003999982e-3
8.554216867469879e-1 6.14752e-1 8.92572849599996e-3 7.737090000000001e-1 2.398288318999954e-3
8.594377510040161e-1 6.12495e-1 8.8365499749999e-3 7.73844e-1 2.404613663999966e-3
8.634538152610441e-1 6.13857e-1 8.869268550999995e-3 7.740130000000001e-1 2.407690831000016e-3
8.674698795180723e-1 6.14281e-1 8.417218039000036e-3 7.73535e-1 2.338118775000018e-3
8.714859437751004e-1 6.1327e-1 8.537447099999991e-3 7.745010000000001e-1 2.1099559990000122e-3
8.755020080321285e-1 6.18117e-1 8.064389310999951e-3 7.74477e-1 2.427001471000041e-3
8.795180722891566e-1 6.123040000000001e-1 8.80673158399996e-3 7.751640000000001e-1 1.7494731040000324e-3
8.835341365461847e-1 6.15089e-1 8.431187078999983e-3 7.75587e-1 2.4287604310000203e-3
8.875502008032129e-1 6.16025e-1 7.967234374999996e-3 7.749550000000001e-1 2.4197929749999727e-3
8.91566265060241e-1 6.141749999999999e-1 8.260744374999998e-3 7.74763e-1 2.2576788310000226e-3
8.955823293172691e-1 6.14977e-1 8.41534447099998e-3 7.75235e-1 1.6107797749999701e-3
8.995983935742972e-1 6.157699999999999e-1 8.379267100000096e-3 7.76383e-1 1.764302311000012e-3
9.036144578313253e-1 6.15408e-1 8.350823536000009e-3 7.77169e-1 1.6118704389999617e-3
9.076305220883534e-1 6.16872e-1 8.536345616000118e-3 7.778660000000001e-1 1.6880460439999724e-3
9.116465863453815e-1 6.17425e-1 8.281874374999968e-3 7.776430000000001e-1 1.5421595509999976e-3
9.156626506024096e-1 6.16606e-1 8.161670764000085e-3 7.77602e-1 1.7589395960000153e-3
9.196787148594378e-1 6.16209e-1 7.972433319000022e-3 7.77069e-1 1.7992242389999785e-3
9.236947791164659e-1 6.18975e-1 8.065604375000012e-3 7.78226e-1 1.5404529240000216e-3
9.27710843373494e-1 6.16004e-1 7.722071984000118e-3 7.79602e-1 1.3344415960000124e-3
9.317269076305221e-1 6.16463e-1 7.906694630999918e-3 7.784449999999999e-1 1.505156975000019e-3
9.357429718875502e-1 6.18572e-1 7.833900815999984e-3 7.79716e-1 1.395629344000011e-3
9.397590361445783e-1 6.16266e-1 8.001177243999931e-3 7.80542e-1 1.3132762359999797e-3
9.437751004016064e-1 6.17344e-1 7.947975664000012e-3 7.798940000000001e-1 1.3691187639999682e-3
9.477911646586346e-1 6.16799e-1 7.90909859899994e-3 7.809520000000001e-1 1.2145936959999865e-3
9.518072289156626e-1 6.16985e-1 7.86757477500014e-3 7.79868e-1 1.328112575999979e-3
9.558232931726908e-1 6.18744e-1 8.00594246399999e-3 7.819389999999999e-1 1.3833152789999856e-3
9.598393574297188e-1 6.18093e-1 7.945468350999867e-3 7.82624e-1 1.2252346239999836e-3
9.63855421686747e-1 6.16129e-1 7.851400358999918e-3 7.81726e-1 1.4586409240000065e-3
9.678714859437751e-1 6.18597e-1 8.100116591000009e-3 7.806879999999999e-1 1.2268066560000128e-3
9.718875502008032e-1 6.20091e-1 7.726376718999888e-3 7.82346e-1 1.1791062840000148e-3
9.759036144578314e-1 6.180129999999999e-1 7.878416830999976e-3 7.827670000000001e-1 1.2620387109999799e-3
9.799196787148594e-1 6.2141e-1 8.007421899999997e-3 7.82273e-1 1.096808471000011e-3
9.839357429718876e-1 6.19116e-1 8.258988544000074e-3 7.82607e-1 1.114868551000005e-3
9.879518072289156e-1 6.19324e-1 7.896653023999953e-3 7.82907e-1 1.2726543510000084e-3
9.919678714859438e-1 6.18767e-1 7.870114711000104e-3 7.84662e-1 1.1024257559999792e-3
9.959839357429718e-1 6.17454e-1 8.266887883999992e-3 7.84475e-1 1.12865937500001e-3
1e0 6.20785e-1 8.21497877499998e-3 7.845e-1 1.093660000000012e-3
